#          omega_b,        omega_cdm,                h,     ln10^{10}A_s,              n_s,             N_ur,         tau_reio,        A_cib_217,        xi_sz_cib,             A_sz,     ps_A_100_100,     ps_A_143_143,     ps_A_143_217,     ps_A_217_217,         ksz_norm,     gal545_A_100,     gal545_A_143, gal545_A_143_217,     gal545_A_217,    galf_TE_A_100, galf_TE_A_100_143, galf_TE_A_100_217,    galf_TE_A_143, galf_TE_A_143_217,    galf_TE_A_217,       calib_100T,       calib_217T,         A_planck,                M,           sigma8,             rs_d
 4.415228e-09	 2.112759e-08	 4.932942e-08	-1.119764e-08	-2.900644e-08	 3.728125e-07	-7.451901e-08	 1.009769e-04	 2.370550e-06	-1.557771e-05	 7.085146e-04	-2.124788e-05	-6.461458e-05	-2.228593e-04	 3.677334e-05	 1.618054e-06	-7.203244e-06	-1.993422e-05	-9.547739e-05	 8.172521e-07	-5.608860e-07	 3.807158e-07	-1.095056e-06	-1.996598e-06	-7.350917e-07	 1.642080e-08	-2.631234e-09	 1.998219e-08	 1.855095e-07	 3.986020e-08	-1.234677e-05	
 2.112759e-08	 2.398317e-07	 1.191657e-07	-3.685976e-07	-1.084157e-07	 2.178395e-06	-6.399918e-07	 5.742753e-04	-1.571105e-05	 1.422805e-04	-7.187338e-04	-3.003732e-03	-2.299777e-03	-2.606826e-03	 8.364110e-04	-1.467612e-04	-2.354080e-04	-1.515244e-04	-3.165484e-04	 4.681567e-06	-2.700776e-06	 8.956619e-06	-1.339336e-05	-1.977701e-05	-1.700763e-05	 6.521713e-08	 1.619033e-07	 6.944005e-08	 6.850587e-07	 6.355296e-07	-9.777377e-05	
 4.932942e-08	 1.191657e-07	 9.065492e-07	 7.161154e-08	-5.014011e-07	 5.091054e-06	-9.564835e-07	 1.524615e-03	 6.862124e-07	-1.949891e-04	 8.860873e-03	 7.858517e-04	-6.416466e-04	-2.370772e-03	 7.324406e-05	 1.706505e-04	 3.352928e-05	-2.011149e-05	-9.541890e-04	 8.766395e-06	-6.821992e-06	 1.598332e-05	-1.053222e-05	-9.637340e-06	 1.253164e-05	 1.889752e-07	-1.305725e-07	 5.436256e-07	 2.527377e-06	-2.072899e-08	-1.117302e-04	
-1.119764e-08	-3.685976e-07	 7.161154e-08	 2.066278e-06	 6.122166e-08	-2.361564e-06	 1.891059e-06	-1.343597e-04	 7.222050e-05	-8.073226e-04	 1.369147e-02	 6.480708e-03	 5.254088e-03	 4.599710e-03	-1.711991e-03	 8.946369e-05	 7.755914e-04	-4.079744e-04	-1.212333e-03	-7.645950e-06	 5.882280e-06	-5.742385e-05	 3.401543e-05	 2.771303e-05	 4.236117e-05	-2.346540e-08	-2.126993e-07	-3.500328e-07	 9.507123e-07	-5.371254e-07	 1.218621e-04	
-2.900644e-08	-1.084157e-07	-5.014011e-07	 6.122166e-08	 5.342976e-07	-3.639838e-06	 5.797719e-07	-1.015379e-03	 1.224445e-05	 2.001464e-04	-5.445290e-03	 1.448170e-04	 1.482555e-03	 2.268519e-03	-2.906515e-04	-1.358113e-04	 1.126146e-04	 9.353923e-06	 4.420446e-04	-5.180568e-06	 4.555119e-06	-1.416018e-05	 1.326577e-05	 3.196288e-06	-2.158805e-05	-1.241057e-07	 2.444257e-08	-2.244314e-07	-1.312924e-06	 9.152190e-09	 7.906222e-05	
 3.728125e-07	 2.178395e-06	 5.091054e-06	-2.361564e-06	-3.639838e-06	 4.434730e-05	-8.366117e-06	 1.143950e-02	-2.564034e-05	-1.804810e-03	 5.598676e-02	-1.622185e-02	-2.118767e-02	-3.100439e-02	 7.996676e-03	-1.130934e-03	-1.812150e-03	-3.992603e-03	-1.191578e-02	 1.073259e-04	-6.134928e-05	 1.601827e-04	-1.933921e-04	-1.762757e-04	 2.948504e-04	 6.956302e-07	-3.338878e-08	 2.595334e-06	 1.396554e-05	 3.577817e-06	-1.211014e-03	
-7.451901e-08	-6.399918e-07	-9.564835e-07	 1.891059e-06	 5.797719e-07	-8.366117e-06	 3.177044e-06	-2.009407e-03	 1.026890e-04	-9.991058e-04	 7.774801e-03	 8.435727e-03	 7.371372e-03	 8.357515e-03	-2.131665e-03	 1.153261e-05	 8.067421e-04	-6.059699e-04	-6.702659e-04	-1.468643e-05	 1.234293e-05	-7.212778e-05	 4.285716e-05	 5.176624e-05	 9.219505e-05	-3.486113e-07	-3.170662e-07	-1.023040e-06	-2.700487e-06	-1.112402e-06	 2.940555e-04	
 1.009769e-04	 5.742753e-04	 1.524615e-03	-1.343597e-04	-1.015379e-03	 1.143950e-02	-2.009407e-03	 1.411898e+01	-2.568769e-01	-6.974924e-01	 1.103855e+01	 4.519964e+00	-6.191592e+00	-1.859036e+01	-1.899436e+00	 1.165565e+00	-1.137733e+00	-6.243547e-02	-6.322277e+00	 1.143632e-02	-7.070507e-04	-2.961509e-03	-8.529889e-02	-2.390894e-04	 8.231397e-02	 2.527424e-04	 9.928837e-05	 2.570910e-04	 6.389675e-03	 1.168855e-03	-3.210798e-01	
 2.370550e-06	-1.571105e-05	 6.862124e-07	 7.222050e-05	 1.224445e-05	-2.564034e-05	 1.026890e-04	-2.568769e-01	 5.867874e-02	-1.230839e-01	 2.358626e+00	 8.688791e-01	 1.421097e+00	 5.695039e-01	 8.721398e-02	-5.386146e-02	 7.985931e-02	-1.959972e-01	-4.072346e-01	 1.403885e-03	-1.857397e-03	 3.828068e-04	 1.231192e-03	-2.411495e-03	 8.539539e-03	-1.616652e-05	-5.970849e-05	-1.936006e-05	 6.800347e-05	-5.062430e-05	 1.702095e-03	
-1.557771e-05	 1.422805e-04	-1.949891e-04	-8.073226e-04	 2.001464e-04	-1.804810e-03	-9.991058e-04	-6.974924e-01	-1.230839e-01	 3.106663e+00	-3.090736e+01	-9.842890e+00	-2.018776e+00	-1.150513e+00	 6.720615e-01	 9.327337e-04	-2.658807e-01	 2.163405e+00	 3.751670e+00	-9.042782e-03	 6.275738e-03	 5.482891e-02	 6.927080e-03	 9.866384e-03	-2.276327e-01	 2.440246e-04	 4.407028e-04	 6.988866e-04	 1.406184e-03	 5.396570e-04	-1.177207e-02	
 7.085146e-04	-7.187338e-04	 8.860873e-03	 1.369147e-02	-5.445290e-03	 5.598676e-02	 7.774801e-03	 1.103855e+01	 2.358626e+00	-3.090736e+01	 7.336335e+02	 1.536607e+02	 7.870695e+01	 3.599617e+01	-1.493282e+01	-2.243669e+00	 1.198797e+01	-1.954344e+01	-4.843623e+01	 3.439666e-01	-9.377606e-02	-9.669479e-01	 2.774328e-02	 1.260364e-03	 2.858145e+00	 1.245929e-03	-8.251284e-03	-2.083227e-03	 5.752819e-03	-5.392969e-03	-8.693951e-01	
-2.124788e-05	-3.003732e-03	 7.858517e-04	 6.480708e-03	 1.448170e-04	-1.622185e-02	 8.435727e-03	 4.519964e+00	 8.688791e-01	-9.842890e+00	 1.536607e+02	 1.131953e+02	 6.440337e+01	 3.735619e+01	-2.209153e+01	 5.615612e+00	 3.411564e+00	 3.068111e-01	-7.008898e+00	-5.337438e-03	-6.179518e-04	-3.449030e-01	 1.067065e-01	 2.331323e-01	 5.134094e-01	 1.580522e-05	-4.379057e-03	-1.320836e-03	-1.978075e-03	-9.328211e-03	 9.005143e-01	
-6.461458e-05	-2.299777e-03	-6.416466e-04	 5.254088e-03	 1.482555e-03	-2.118767e-02	 7.371372e-03	-6.191592e+00	 1.421097e+00	-2.018776e+00	 7.870695e+01	 6.440337e+01	 7.078602e+01	 4.185609e+01	-1.182492e+01	 1.362817e+00	 4.548309e+00	-6.751099e-01	-4.759887e+00	-9.985112e-03	-5.638475e-03	-1.524786e-01	 1.636383e-01	 1.478571e-01	 5.712214e-02	 2.435303e-06	-2.972927e-03	-3.618052e-04	 1.021814e-03	-6.017574e-03	 7.868667e-01	
-2.228593e-04	-2.606826e-03	-2.370772e-03	 4.599710e-03	 2.268519e-03	-3.100439e-02	 8.357515e-03	-1.859036e+01	 5.695039e-01	-1.150513e+00	 3.599617e+01	 3.735619e+01	 4.185609e+01	 5.691648e+01	-9.845023e+00	-2.224805e-01	 4.974579e+00	 1.446035e+00	 5.236418e+00	-3.189723e-02	 3.608126e-02	-2.160586e-01	 2.451173e-01	 1.678495e-01	-4.314765e-03	-3.500069e-04	-2.172738e-03	-1.032375e-03	-9.368611e-03	-6.167235e-03	 1.092118e+00	
 3.677334e-05	 8.364110e-04	 7.324406e-05	-1.711991e-03	-2.906515e-04	 7.996676e-03	-2.131665e-03	-1.899436e+00	 8.721398e-02	 6.720615e-01	-1.493282e+01	-2.209153e+01	-1.182492e+01	-9.845023e+00	 7.835650e+00	-1.700160e+00	-1.035087e+00	-2.232665e+00	-1.777362e+00	 2.346984e-02	-2.025411e-02	 1.055464e-01	-5.952393e-02	-9.461538e-02	 6.841732e-02	-2.857751e-04	 7.255989e-04	 5.546477e-04	-4.958250e-05	 2.201632e-03	-3.019242e-01	
 1.618054e-06	-1.467612e-04	 1.706505e-04	 8.946369e-05	-1.358113e-04	-1.130934e-03	 1.153261e-05	 1.165565e+00	-5.386146e-02	 9.327337e-04	-2.243669e+00	 5.615612e+00	 1.362817e+00	-2.224805e-01	-1.700160e+00	 1.741194e+00	-1.733938e-01	 1.159547e+00	 1.550070e+00	-1.352591e-02	-4.094150e-04	 4.859540e-03	-5.897984e-04	 2.464183e-02	-8.184635e-02	 2.022666e-04	-8.043775e-05	 1.454238e-04	-2.070436e-05	-5.556471e-04	 4.252299e-02	
-7.203244e-06	-2.354080e-04	 3.352928e-05	 7.755914e-04	 1.126146e-04	-1.812150e-03	 8.067421e-04	-1.137733e+00	 7.985931e-02	-2.658807e-01	 1.198797e+01	 3.411564e+00	 4.548309e+00	 4.974579e+00	-1.035087e+00	-1.733938e-01	 1.657114e+00	 1.356086e-01	-5.307091e-01	 8.801248e-04	 6.065883e-03	-3.508434e-02	 3.018013e-02	 9.120915e-03	 3.623266e-02	-6.945051e-05	-2.517771e-04	-6.321272e-05	-1.252945e-04	-5.256855e-04	 7.938352e-02	
-1.993422e-05	-1.515244e-04	-2.011149e-05	-4.079744e-04	 9.353923e-06	-3.992603e-03	-6.059699e-04	-6.243547e-02	-1.959972e-01	 2.163405e+00	-1.954344e+01	 3.068111e-01	-6.751099e-01	 1.446035e+00	-2.232665e+00	 1.159547e+00	 1.356086e-01	 4.775905e+00	 7.568357e+00	-2.419739e-02	 8.134745e-03	 4.855221e-03	 2.394769e-02	 2.939946e-02	-2.695660e-01	 5.055561e-04	 3.735378e-04	 7.161075e-04	 9.711420e-04	-4.549479e-04	 8.154799e-02	
-9.547739e-05	-3.165484e-04	-9.541890e-04	-1.212333e-03	 4.420446e-04	-1.191578e-02	-6.702659e-04	-6.322277e+00	-4.072346e-01	 3.751670e+00	-4.843623e+01	-7.008898e+00	-4.759887e+00	 5.236418e+00	-1.777362e+00	 1.550070e+00	-5.307091e-01	 7.568357e+00	 2.032284e+01	-6.327990e-02	 8.977981e-03	 2.639857e-02	 6.500160e-02	 2.155996e-02	-5.275368e-01	 8.546315e-04	 1.474976e-03	 1.106891e-03	-3.484709e-03	-6.094072e-04	 2.479360e-01	
 8.172521e-07	 4.681567e-06	 8.766395e-06	-7.645950e-06	-5.180568e-06	 1.073259e-04	-1.468643e-05	 1.143632e-02	 1.403885e-03	-9.042782e-03	 3.439666e-01	-5.337438e-03	-9.985112e-03	-3.189723e-02	 2.346984e-02	-1.352591e-02	 8.801248e-04	-2.419739e-02	-6.327990e-02	 9.176017e-04	-1.499812e-04	 7.681661e-05	-4.801856e-04	-5.176863e-04	 2.485117e-03	-3.481213e-06	-6.734330e-06	 5.185631e-06	-4.737794e-06	 6.035171e-06	-2.675561e-03	
-5.608860e-07	-2.700776e-06	-6.821992e-06	 5.882280e-06	 4.555119e-06	-6.134928e-05	 1.234293e-05	-7.070507e-04	-1.857397e-03	 6.275738e-03	-9.377606e-02	-6.179518e-04	-5.638475e-03	 3.608126e-02	-2.025411e-02	-4.094150e-04	 6.065883e-03	 8.134745e-03	 8.977981e-03	-1.499812e-04	 4.544864e-04	-6.222102e-04	 5.089578e-04	 5.208554e-04	-1.240045e-04	-6.951148e-07	-1.387740e-06	-5.336993e-06	-5.534666e-06	-2.288739e-06	 1.641652e-03	
 3.807158e-07	 8.956619e-06	 1.598332e-05	-5.742385e-05	-1.416018e-05	 1.601827e-04	-7.212778e-05	-2.961509e-03	 3.828068e-04	 5.482891e-02	-9.669479e-01	-3.449030e-01	-1.524786e-01	-2.160586e-01	 1.055464e-01	 4.859540e-03	-3.508434e-02	 4.855221e-03	 2.639857e-02	 7.681661e-05	-6.222102e-04	 6.366697e-03	-1.793343e-03	-5.903381e-04	-2.723037e-03	-3.508287e-06	 7.067465e-06	 3.693285e-05	 3.918162e-05	 3.319527e-06	-3.600214e-03	
-1.095056e-06	-1.339336e-05	-1.053222e-05	 3.401543e-05	 1.326577e-05	-1.933921e-04	 4.285716e-05	-8.529889e-02	 1.231192e-03	 6.927080e-03	 2.774328e-02	 1.067065e-01	 1.636383e-01	 2.451173e-01	-5.952393e-02	-5.897984e-04	 3.018013e-02	 2.394769e-02	 6.500160e-02	-4.801856e-04	 5.089578e-04	-1.793343e-03	 2.971620e-03	 1.183819e-03	-2.957633e-03	 6.514642e-06	-5.765752e-06	-8.059080e-06	-2.786010e-05	-2.465169e-05	 5.719243e-03	
-1.996598e-06	-1.977701e-05	-9.637340e-06	 2.771303e-05	 3.196288e-06	-1.762757e-04	 5.176624e-05	-2.390894e-04	-2.411495e-03	 9.866384e-03	 1.260364e-03	 2.331323e-01	 1.478571e-01	 1.678495e-01	-9.461538e-02	 2.464183e-02	 9.120915e-03	 2.939946e-02	 2.155996e-02	-5.176863e-04	 5.208554e-04	-5.903381e-04	 1.183819e-03	 5.163673e-03	 2.009259e-03	-3.254879e-06	-1.937905e-05	-7.190093e-06	 4.469187e-06	-5.381342e-05	 8.327594e-03	
-7.350917e-07	-1.700763e-05	 1.253164e-05	 4.236117e-05	-2.158805e-05	 2.948504e-04	 9.219505e-05	 8.231397e-02	 8.539539e-03	-2.276327e-01	 2.858145e+00	 5.134094e-01	 5.712214e-02	-4.314765e-03	 6.841732e-02	-8.184635e-02	 3.623266e-02	-2.695660e-01	-5.275368e-01	 2.485117e-03	-1.240045e-04	-2.723037e-03	-2.957633e-03	 2.009259e-03	 4.907450e-02	-6.534355e-05	-6.513349e-05	-3.999211e-05	-1.967241e-04	-7.649632e-05	 3.898200e-03	
 1.642080e-08	 6.521713e-08	 1.889752e-07	-2.346540e-08	-1.241057e-07	 6.956302e-07	-3.486113e-07	 2.527424e-04	-1.616652e-05	 2.440246e-04	 1.245929e-03	 1.580522e-05	 2.435303e-06	-3.500069e-04	-2.857751e-04	 2.022666e-04	-6.945051e-05	 5.055561e-04	 8.546315e-04	-3.481213e-06	-6.951148e-07	-3.508287e-06	 6.514642e-06	-3.254879e-06	-6.534355e-05	 3.315836e-07	 9.314271e-08	 1.292573e-07	 1.151149e-06	 1.370788e-07	-3.904070e-05	
-2.631234e-09	 1.619033e-07	-1.305725e-07	-2.126993e-07	 2.444257e-08	-3.338878e-08	-3.170662e-07	 9.928837e-05	-5.970849e-05	 4.407028e-04	-8.251284e-03	-4.379057e-03	-2.972927e-03	-2.172738e-03	 7.255989e-04	-8.043775e-05	-2.517771e-04	 3.735378e-04	 1.474976e-03	-6.734330e-06	-1.387740e-06	 7.067465e-06	-5.765752e-06	-1.937905e-05	-6.513349e-05	 9.314271e-08	 5.063403e-07	 6.697220e-09	-1.938822e-07	 6.297488e-07	-3.987538e-05	
 1.998219e-08	 6.944005e-08	 5.436256e-07	-3.500328e-07	-2.244314e-07	 2.595334e-06	-1.023040e-06	 2.570910e-04	-1.936006e-05	 6.988866e-04	-2.083227e-03	-1.320836e-03	-3.618052e-04	-1.032375e-03	 5.546477e-04	 1.454238e-04	-6.321272e-05	 7.161075e-04	 1.106891e-03	 5.185631e-06	-5.336993e-06	 3.693285e-05	-8.059080e-06	-7.190093e-06	-3.999211e-05	 1.292573e-07	 6.697220e-09	 1.077468e-06	 1.182396e-06	-6.413077e-08	-5.369537e-05	
 1.855095e-07	 6.850587e-07	 2.527377e-06	 9.507123e-07	-1.312924e-06	 1.396554e-05	-2.700487e-06	 6.389675e-03	 6.800347e-05	 1.406184e-03	 5.752819e-03	-1.978075e-03	 1.021814e-03	-9.368611e-03	-4.958250e-05	-2.070436e-05	-1.252945e-04	 9.711420e-04	-3.484709e-03	-4.737794e-06	-5.534666e-06	 3.918162e-05	-2.786010e-05	 4.469187e-06	-1.967241e-04	 1.151149e-06	-1.938822e-07	 1.182396e-06	 2.199139e-05	 1.548045e-06	-4.570132e-04	
 3.986020e-08	 6.355296e-07	-2.072899e-08	-5.371254e-07	 9.152190e-09	 3.577817e-06	-1.112402e-06	 1.168855e-03	-5.062430e-05	 5.396570e-04	-5.392969e-03	-9.328211e-03	-6.017574e-03	-6.167235e-03	 2.201632e-03	-5.556471e-04	-5.256855e-04	-4.549479e-04	-6.094072e-04	 6.035171e-06	-2.288739e-06	 3.319527e-06	-2.465169e-05	-5.381342e-05	-7.649632e-05	 1.370788e-07	 6.297488e-07	-6.413077e-08	 1.548045e-06	 2.119824e-06	-2.302474e-04	
-1.234677e-05	-9.777377e-05	-1.117302e-04	 1.218621e-04	 7.906222e-05	-1.211014e-03	 2.940555e-04	-3.210798e-01	 1.702095e-03	-1.177207e-02	-8.693951e-01	 9.005143e-01	 7.868667e-01	 1.092118e+00	-3.019242e-01	 4.252299e-02	 7.938352e-02	 8.154799e-02	 2.479360e-01	-2.675561e-03	 1.641652e-03	-3.600214e-03	 5.719243e-03	 8.327594e-03	 3.898200e-03	-3.904070e-05	-3.987538e-05	-5.369537e-05	-4.570132e-04	-2.302474e-04	 4.560912e-02	
