#          omega_b,        omega_cdm,                h,     ln10^{10}A_s,              n_s,         tau_reio,         frac_EDE,        log10mass,        A_cib_217,        xi_sz_cib,             A_sz,     ps_A_100_100,     ps_A_143_143,     ps_A_143_217,     ps_A_217_217,         ksz_norm,     gal545_A_100,     gal545_A_143, gal545_A_143_217,     gal545_A_217,    galf_TE_A_100, galf_TE_A_100_143, galf_TE_A_100_217,    galf_TE_A_143, galf_TE_A_143_217,    galf_TE_A_217,       calib_100T,       calib_217T,         A_planck,                M,           sigma8,             rs_d,          z_decay
 5.919830e-08	 6.548170e-07	 2.658662e-06	 1.875111e-06	 2.265865e-06	 2.043209e-07	 8.684372e-06	 3.937473e-05	-1.414429e-04	 1.394458e-06	 4.110485e-05	-4.728316e-04	-2.158239e-04	 4.025670e-05	 2.195591e-04	-9.001003e-05	 3.280150e-06	-3.563761e-06	 5.683949e-06	 7.347287e-05	 2.230760e-07	 4.355252e-08	-7.864579e-07	 1.851073e-07	-3.927926e-07	-1.810543e-06	 3.711465e-09	-8.552637e-09	 1.553091e-07	 9.699183e-06	 1.657787e-06	-4.251230e-04	 1.647653e-01	
 6.548170e-07	 1.559904e-05	 6.242514e-05	 2.860224e-05	 3.611360e-05	-1.513215e-06	 1.745706e-04	 7.384578e-04	-8.984052e-05	-4.907946e-08	 4.062199e-04	 1.424580e-03	 9.854720e-04	 2.349562e-03	 2.544443e-03	-8.005042e-04	 3.530975e-05	 1.268678e-04	 2.522558e-04	 5.122162e-04	 4.436225e-06	 2.999365e-06	-1.295078e-05	 1.224634e-05	-1.999975e-06	 8.473836e-06	 1.147578e-08	-5.099752e-08	 1.977577e-06	 1.582003e-04	 4.903259e-05	-8.630513e-03	 3.061874e+00	
 2.658662e-06	 6.242514e-05	 1.545937e-03	 1.039769e-04	 9.365308e-05	-1.001113e-05	 6.486502e-04	 1.143771e-03	-6.376063e-03	 5.752453e-05	 3.039768e-03	-2.754315e-02	-1.624382e-02	-1.602247e-03	 1.853831e-03	-1.547247e-05	-1.055367e-03	 2.876102e-04	 1.301364e-03	 2.323329e-03	-1.317892e-05	-6.896745e-06	 3.832381e-05	 1.757708e-05	 9.846553e-06	-1.198233e-04	 8.075718e-07	 4.101225e-07	-5.571504e-06	 6.264373e-04	 9.914538e-04	-3.425655e-02	 4.298869e+00	
 1.875111e-06	 2.860224e-05	 1.039769e-04	 2.750542e-04	 1.039008e-04	 1.042886e-04	 4.268917e-04	 1.813541e-03	-6.512438e-03	 3.698539e-05	 1.233350e-03	-6.982667e-03	-8.010597e-03	 2.754350e-03	 1.210361e-02	-3.160064e-03	 2.459077e-04	 5.482657e-04	-3.981458e-04	 3.256166e-03	 1.861546e-05	 5.606597e-06	-6.010860e-05	 2.516625e-05	-6.127642e-06	-5.660239e-05	 3.638380e-07	-4.350130e-07	 9.506686e-06	 4.776075e-04	 1.263942e-04	-1.925974e-02	 7.196980e+00	
 2.265865e-06	 3.611360e-05	 9.365308e-05	 1.039008e-04	 1.252966e-04	 1.731555e-05	 4.794910e-04	 2.141719e-03	-5.839377e-03	 8.526489e-05	 1.988414e-03	-2.496506e-02	-7.307662e-03	 5.010030e-03	 1.069357e-02	-4.618150e-03	 2.788441e-04	-1.148830e-04	 3.117817e-04	 2.978746e-03	 1.105990e-05	 6.550212e-06	-3.635306e-05	 2.846702e-05	-2.097440e-05	-1.002384e-05	 1.568241e-08	-2.703054e-07	 5.567361e-06	 5.042670e-04	 6.727415e-05	-2.252120e-02	 8.834354e+00	
 2.043209e-07	-1.513215e-06	-1.001113e-05	 1.042886e-04	 1.731555e-05	 5.782650e-05	 4.025348e-05	 1.668453e-04	-2.916080e-03	-2.451562e-06	 1.422215e-04	-6.896966e-03	-5.687942e-03	-2.472508e-03	 3.288139e-04	-3.748742e-04	 1.703673e-04	 3.778579e-04	-2.811839e-04	 5.026155e-04	 3.317060e-06	-4.244668e-07	-8.375600e-06	 3.063931e-06	-6.570887e-06	-4.342042e-05	 7.161298e-08	-1.451268e-07	-2.609643e-06	 8.194124e-05	 1.201642e-05	-9.086440e-04	 5.142878e-01	
 8.684372e-06	 1.745706e-04	 6.486502e-04	 4.268917e-04	 4.794910e-04	 4.025348e-05	 2.148998e-03	 9.197238e-03	-6.718808e-03	 1.022143e-04	 5.550503e-03	-4.427347e-03	-2.059273e-03	 2.264715e-02	 2.990596e-02	-1.134925e-02	-2.521299e-04	 1.701341e-03	 3.159383e-03	 8.849714e-03	 4.937048e-05	 2.709265e-05	-1.491485e-04	 1.252138e-04	-3.125084e-05	 6.435124e-05	 2.223909e-07	-6.474679e-07	 2.300743e-05	 2.117329e-03	 4.780128e-04	-1.027910e-01	 3.779327e+01	
 3.937473e-05	 7.384578e-04	 1.143771e-03	 1.813541e-03	 2.141719e-03	 1.668453e-04	 9.197238e-03	 4.192318e-02	-2.328443e-02	 1.742640e-04	 2.107798e-02	 2.785536e-02	 1.096209e-02	 1.008705e-01	 1.361588e-01	-5.240192e-02	 1.423243e-03	 5.782815e-03	 1.185428e-02	 3.930343e-02	 2.327598e-04	 1.403921e-04	-7.622984e-04	 5.941532e-04	-1.815797e-04	 2.591141e-04	 4.483193e-07	-3.593663e-06	 1.208116e-04	 9.092841e-03	 1.018546e-03	-4.381846e-01	 1.736761e+02	
-1.414429e-04	-8.984052e-05	-6.376063e-03	-6.512438e-03	-5.839377e-03	-2.916080e-03	-6.718808e-03	-2.328443e-02	 4.517413e+01	-3.842847e-01	-7.966303e-01	 3.541030e+01	 1.891517e+00	-1.247341e+01	-5.521021e+01	-2.467680e-01	 3.146341e-01	 3.317083e-01	-6.110018e+00	-3.422170e+01	-6.367926e-03	-6.939562e-03	-1.008494e-03	-8.985254e-03	-6.163599e-03	 3.571379e-02	-2.035552e-04	 7.171734e-04	 4.790609e-04	-1.531735e-02	-4.018801e-03	 3.537391e-01	-5.916661e+01	
 1.394458e-06	-4.907946e-08	 5.752453e-05	 3.698539e-05	 8.526489e-05	-2.451562e-06	 1.022143e-04	 1.742640e-04	-3.842847e-01	 8.075161e-02	-3.731211e-02	-6.271372e-01	 9.519583e-01	 1.677998e+00	 5.897637e-01	 4.322514e-02	-2.421204e-02	 1.411264e-02	 1.486166e-01	 2.011523e-01	 5.358260e-05	 1.984162e-04	 1.469268e-04	-2.737410e-05	-2.082975e-04	-7.858354e-04	 3.965144e-06	 1.851726e-06	-7.281087e-07	 1.864379e-04	 1.771738e-05	-4.768225e-03	-3.279076e-01	
 4.110485e-05	 4.062199e-04	 3.039768e-03	 1.233350e-03	 1.988414e-03	 1.422215e-04	 5.550503e-03	 2.107798e-02	-7.966303e-01	-3.731211e-02	 3.903835e+00	-3.189810e+01	-3.524202e+00	 7.627209e+00	 5.235761e+00	-2.662813e+00	-1.688947e-01	 1.462535e-01	 2.555083e+00	 3.179045e+00	 2.067201e-03	-8.005469e-04	-5.848942e-03	-1.505153e-03	-6.643519e-03	-9.362176e-03	 1.342567e-04	-2.724624e-05	 9.796248e-05	 6.411849e-03	 1.876094e-03	-2.735101e-01	 8.943723e+01	
-4.728316e-04	 1.424580e-03	-2.754315e-02	-6.982667e-03	-2.496506e-02	-6.896966e-03	-4.427347e-03	 2.785536e-02	 3.541030e+01	-6.271372e-01	-3.189810e+01	 8.106928e+02	 7.065299e+01	-5.481496e+01	-5.825237e+01	 1.387831e+01	-7.266399e+00	 6.306755e+00	-1.299498e+01	-2.436992e+01	-2.196903e-02	-1.768220e-02	-6.753027e-03	 4.469296e-03	-5.120846e-03	 1.368175e-01	 3.370601e-03	 1.566064e-04	 3.959958e-03	-4.022118e-02	-1.263185e-02	 3.112453e-01	 1.589302e+02	
-2.158239e-04	 9.854720e-04	-1.624382e-02	-8.010597e-03	-7.307662e-03	-5.687942e-03	-2.059273e-03	 1.096209e-02	 1.891517e+00	 9.519583e-01	-3.524202e+00	 7.065299e+01	 6.329878e+01	 4.052917e+01	 1.472950e+01	-4.762565e+00	-5.150549e-01	-7.962326e-01	 4.289451e+00	 5.377866e+00	 1.294094e-03	 6.360400e-03	-7.350284e-03	 6.315455e-03	 3.310299e-03	 1.844095e-02	-4.227466e-05	 7.581625e-05	 9.745318e-04	-2.224721e-02	-6.934404e-03	 9.619196e-02	 1.336900e+02	
 4.025670e-05	 2.349562e-03	-1.602247e-03	 2.754350e-03	 5.010030e-03	-2.472508e-03	 2.264715e-02	 1.008705e-01	-1.247341e+01	 1.677998e+00	 7.627209e+00	-5.481496e+01	 4.052917e+01	 8.356585e+01	 5.095109e+01	-1.145704e+01	-1.009820e+00	-3.407678e-01	 5.720554e+00	 9.168498e+00	 6.133145e-03	 4.116831e-03	-1.781355e-02	 7.869517e-04	-1.759421e-02	-4.112918e-02	 4.279826e-04	-4.031520e-04	 9.979764e-04	 1.338850e-02	 2.319101e-03	-1.127880e+00	 4.607409e+02	
 2.195591e-04	 2.544443e-03	 1.853831e-03	 1.210361e-02	 1.069357e-02	 3.288139e-04	 2.990596e-02	 1.361588e-01	-5.521021e+01	 5.897637e-01	 5.235761e+00	-5.825237e+01	 1.472950e+01	 5.095109e+01	 1.029217e+02	-9.030465e+00	-7.299065e-01	-8.270567e-01	 5.776573e+00	 3.422226e+01	 1.289273e-02	 9.035940e-03	-1.035610e-02	 1.282221e-02	 5.192883e-04	-4.266605e-02	 4.139551e-04	-1.458403e-03	 2.066332e-03	 3.103926e-02	 5.401082e-03	-1.549409e+00	 5.753502e+02	
-9.001003e-05	-8.005042e-04	-1.547247e-05	-3.160064e-03	-4.618150e-03	-3.748742e-04	-1.134925e-02	-5.240192e-02	-2.467680e-01	 4.322514e-02	-2.662813e+00	 1.387831e+01	-4.762565e+00	-1.145704e+01	-9.030465e+00	 5.823262e+00	 7.575599e-02	-2.678365e-01	-1.954657e+00	-2.013160e+00	-2.749017e-03	 2.349227e-04	 3.171109e-03	 5.304413e-04	 7.972544e-03	 9.914204e-05	-8.045186e-05	 5.860869e-05	-1.898070e-04	-1.318991e-02	-3.441655e-04	 5.560978e-01	-2.193871e+02	
 3.280150e-06	 3.530975e-05	-1.055367e-03	 2.459077e-04	 2.788441e-04	 1.703673e-04	-2.521299e-04	 1.423243e-03	 3.146341e-01	-2.421204e-02	-1.688947e-01	-7.266399e+00	-5.150549e-01	-1.009820e+00	-7.299065e-01	 7.575599e-02	 3.259763e+00	 4.408227e-01	 4.180015e-02	-3.309207e-02	 2.136380e-04	 2.368742e-05	 2.525494e-03	-2.468417e-03	 3.727299e-03	 4.081605e-03	 1.577653e-04	 1.033785e-05	 4.940993e-05	-4.527657e-04	-2.053495e-04	-3.715044e-03	 8.807813e+00	
-3.563761e-06	 1.268678e-04	 2.876102e-04	 5.482657e-04	-1.148830e-04	 3.778579e-04	 1.701341e-03	 5.782815e-03	 3.317083e-01	 1.411264e-02	 1.462535e-01	 6.306755e+00	-7.962326e-01	-3.407678e-01	-8.270567e-01	-2.678365e-01	 4.408227e-01	 3.057255e+00	 2.653034e+00	 2.926296e+00	-2.903952e-03	-2.220789e-03	 1.963503e-03	-3.548122e-04	 5.634548e-05	 3.604622e-03	-1.729329e-04	-3.789511e-05	 6.398371e-06	 1.507885e-03	 1.481944e-04	-7.017669e-02	 2.148386e+01	
 5.683949e-06	 2.522558e-04	 1.301364e-03	-3.981458e-04	 3.117817e-04	-2.811839e-04	 3.159383e-03	 1.185428e-02	-6.110018e+00	 1.486166e-01	 2.555083e+00	-1.299498e+01	 4.289451e+00	 5.720554e+00	 5.776573e+00	-1.954657e+00	 4.180015e-02	 2.653034e+00	 1.081674e+01	 1.968769e+01	 1.400121e-03	 4.145778e-04	-7.593605e-03	 1.667194e-03	-2.428473e-03	 2.192718e-03	 2.584743e-05	 4.493997e-04	 8.887702e-05	 2.457124e-03	 4.698531e-04	-1.358367e-01	 6.130229e+01	
 7.347287e-05	 5.122162e-04	 2.323329e-03	 3.256166e-03	 2.978746e-03	 5.026155e-04	 8.849714e-03	 3.930343e-02	-3.422170e+01	 2.011523e-01	 3.179045e+00	-2.436992e+01	 5.377866e+00	 9.168498e+00	 3.422226e+01	-2.013160e+00	-3.309207e-02	 2.926296e+00	 1.968769e+01	 5.492452e+01	 7.716394e-03	 6.347907e-03	-1.317885e-02	 8.181299e-03	 3.974805e-03	-2.495362e-02	 1.728427e-04	 1.011938e-03	 7.515034e-04	 1.107008e-02	 1.402053e-03	-4.037812e-01	 1.733774e+02	
 2.230760e-07	 4.436225e-06	-1.317892e-05	 1.861546e-05	 1.105990e-05	 3.317060e-06	 4.937048e-05	 2.327598e-04	-6.367926e-03	 5.358260e-05	 2.067201e-03	-2.196903e-02	 1.294094e-03	 6.133145e-03	 1.289273e-02	-2.749017e-03	 2.136380e-04	-2.903952e-03	 1.400121e-03	 7.716394e-03	 1.466304e-03	 2.865884e-04	 1.080850e-04	-3.483468e-04	-1.126549e-04	-3.380261e-04	 1.426014e-07	 5.375285e-07	 1.755073e-06	 3.951308e-05	-6.127360e-07	-2.459383e-03	 1.009650e+00	
 4.355252e-08	 2.999365e-06	-6.896745e-06	 5.606597e-06	 6.550212e-06	-4.244668e-07	 2.709265e-05	 1.403921e-04	-6.939562e-03	 1.984162e-04	-8.005469e-04	-1.768220e-02	 6.360400e-03	 4.116831e-03	 9.035940e-03	 2.349227e-04	 2.368742e-05	-2.220789e-03	 4.145778e-04	 6.347907e-03	 2.865884e-04	 9.025499e-04	 3.555920e-05	 7.454783e-04	 1.168918e-04	-8.020852e-04	 1.797544e-07	 5.608421e-07	 5.184458e-08	 1.746514e-05	 1.851865e-06	-1.390931e-03	 6.179407e-01	
-7.864579e-07	-1.295078e-05	 3.832381e-05	-6.010860e-05	-3.635306e-05	-8.375600e-06	-1.491485e-04	-7.622984e-04	-1.008494e-03	 1.469268e-04	-5.848942e-03	-6.753027e-03	-7.350284e-03	-1.781355e-02	-1.035610e-02	 3.171109e-03	 2.525494e-03	 1.963503e-03	-7.593605e-03	-1.317885e-02	 1.080850e-04	 3.555920e-05	 6.947826e-03	-2.807421e-04	 9.161981e-04	 4.790941e-03	-3.963276e-08	-1.418714e-06	-1.075980e-05	-1.321677e-04	-3.934280e-07	 7.332050e-03	-3.404671e+00	
 1.851073e-07	 1.224634e-05	 1.757708e-05	 2.516625e-05	 2.846702e-05	 3.063931e-06	 1.252138e-04	 5.941532e-04	-8.985254e-03	-2.737410e-05	-1.505153e-03	 4.469296e-03	 6.315455e-03	 7.869517e-04	 1.282221e-02	 5.304413e-04	-2.468417e-03	-3.548122e-04	 1.667194e-03	 8.181299e-03	-3.483468e-04	 7.454783e-04	-2.807421e-04	 2.766181e-03	 5.827009e-04	-8.650963e-04	 3.070733e-07	-2.624298e-09	-1.027933e-06	 9.827897e-05	 3.164304e-05	-6.149561e-03	 2.438788e+00	
-3.927926e-07	-1.999975e-06	 9.846553e-06	-6.127642e-06	-2.097440e-05	-6.570887e-06	-3.125084e-05	-1.815797e-04	-6.163599e-03	-2.082975e-04	-6.643519e-03	-5.120846e-03	 3.310299e-03	-1.759421e-02	 5.192883e-04	 7.972544e-03	 3.727299e-03	 5.634548e-05	-2.428473e-03	 3.974805e-03	-1.126549e-04	 1.168918e-04	 9.161981e-04	 5.827009e-04	 6.535013e-03	 8.295149e-03	-1.715713e-06	 2.325124e-07	 4.944725e-06	-4.244236e-05	 7.199261e-06	 1.503048e-03	-9.111463e-01	
-1.810543e-06	 8.473836e-06	-1.198233e-04	-5.660239e-05	-1.002384e-05	-4.342042e-05	 6.435124e-05	 2.591141e-04	 3.571379e-02	-7.858354e-04	-9.362176e-03	 1.368175e-01	 1.844095e-02	-4.112918e-02	-4.266605e-02	 9.914204e-05	 4.081605e-03	 3.604622e-03	 2.192718e-03	-2.495362e-02	-3.380261e-04	-8.020852e-04	 4.790941e-03	-8.650963e-04	 8.295149e-03	 7.399625e-02	-2.098018e-06	-4.412038e-06	 1.285221e-05	-7.912584e-05	-6.297357e-05	-1.537195e-03	 1.555541e+00	
 3.711465e-09	 1.147578e-08	 8.075718e-07	 3.638380e-07	 1.568241e-08	 7.161298e-08	 2.223909e-07	 4.483193e-07	-2.035552e-04	 3.965144e-06	 1.342567e-04	 3.370601e-03	-4.227466e-05	 4.279826e-04	 4.139551e-04	-8.045186e-05	 1.577653e-04	-1.729329e-04	 2.584743e-05	 1.728427e-04	 1.426014e-07	 1.797544e-07	-3.963276e-08	 3.070733e-07	-1.715713e-06	-2.098018e-06	 3.679768e-07	 1.267342e-08	 2.697556e-08	 3.758850e-07	 5.689517e-07	-1.209654e-05	 1.479440e-03	
-8.552637e-09	-5.099752e-08	 4.101225e-07	-4.350130e-07	-2.703054e-07	-1.451268e-07	-6.474679e-07	-3.593663e-06	 7.171734e-04	 1.851726e-06	-2.724624e-05	 1.566064e-04	 7.581625e-05	-4.031520e-04	-1.458403e-03	 5.860869e-05	 1.033785e-05	-3.789511e-05	 4.493997e-04	 1.011938e-03	 5.375285e-07	 5.608421e-07	-1.418714e-06	-2.624298e-09	 2.325124e-07	-4.412038e-06	 1.267342e-08	 4.041607e-07	-2.691395e-08	-8.255876e-07	 1.542427e-07	 3.630580e-05	-1.531258e-02	
 1.553091e-07	 1.977577e-06	-5.571504e-06	 9.506686e-06	 5.567361e-06	-2.609643e-06	 2.300743e-05	 1.208116e-04	 4.790609e-04	-7.281087e-07	 9.796248e-05	 3.959958e-03	 9.745318e-04	 9.979764e-04	 2.066332e-03	-1.898070e-04	 4.940993e-05	 6.398371e-06	 8.887702e-05	 7.515034e-04	 1.755073e-06	 5.184458e-08	-1.075980e-05	-1.027933e-06	 4.944725e-06	 1.285221e-05	 2.697556e-08	-2.691395e-08	 5.768245e-06	 2.236398e-05	-4.347981e-07	-1.160854e-03	 5.328137e-01	
 9.699183e-06	 1.582003e-04	 6.264373e-04	 4.776075e-04	 5.042670e-04	 8.194124e-05	 2.117329e-03	 9.092841e-03	-1.531735e-02	 1.864379e-04	 6.411849e-03	-4.022118e-02	-2.224721e-02	 1.338850e-02	 3.103926e-02	-1.318991e-02	-4.527657e-04	 1.507885e-03	 2.457124e-03	 1.107008e-02	 3.951308e-05	 1.746514e-05	-1.321677e-04	 9.827897e-05	-4.244236e-05	-7.912584e-05	 3.758850e-07	-8.255876e-07	 2.236398e-05	 2.276885e-03	 4.147793e-04	-9.930265e-02	 3.699434e+01	
 1.657787e-06	 4.903259e-05	 9.914538e-04	 1.263942e-04	 6.727415e-05	 1.201642e-05	 4.780128e-04	 1.018546e-03	-4.018801e-03	 1.771738e-05	 1.876094e-03	-1.263185e-02	-6.934404e-03	 2.319101e-03	 5.401082e-03	-3.441655e-04	-2.053495e-04	 1.481944e-04	 4.698531e-04	 1.402053e-03	-6.127360e-07	 1.851865e-06	-3.934280e-07	 3.164304e-05	 7.199261e-06	-6.297357e-05	 5.689517e-07	 1.542427e-07	-4.347981e-07	 4.147793e-04	 6.786828e-04	-2.555826e-02	 3.987778e+00	
-4.251230e-04	-8.630513e-03	-3.425655e-02	-1.925974e-02	-2.252120e-02	-9.086440e-04	-1.027910e-01	-4.381846e-01	 3.537391e-01	-4.768225e-03	-2.735101e-01	 3.112453e-01	 9.619196e-02	-1.127880e+00	-1.549409e+00	 5.560978e-01	-3.715044e-03	-7.017669e-02	-1.358367e-01	-4.037812e-01	-2.459383e-03	-1.390931e-03	 7.332050e-03	-6.149561e-03	 1.503048e-03	-1.537195e-03	-1.209654e-05	 3.630580e-05	-1.160854e-03	-9.930265e-02	-2.555826e-02	 4.993199e+00	-1.805313e+03	
 1.647653e-01	 3.061874e+00	 4.298869e+00	 7.196980e+00	 8.834354e+00	 5.142878e-01	 3.779327e+01	 1.736761e+02	-5.916661e+01	-3.279076e-01	 8.943723e+01	 1.589302e+02	 1.336900e+02	 4.607409e+02	 5.753502e+02	-2.193871e+02	 8.807813e+00	 2.148386e+01	 6.130229e+01	 1.733774e+02	 1.009650e+00	 6.179407e-01	-3.404671e+00	 2.438788e+00	-9.111463e-01	 1.555541e+00	 1.479440e-03	-1.531258e-02	 5.328137e-01	 3.699434e+01	 3.987778e+00	-1.805313e+03	 7.264840e+05	
