#          omega_b,        omega_cdm,                h,     ln10^{10}A_s,              n_s,         tau_reio,        A_cib_217,        xi_sz_cib,             A_sz,     ps_A_100_100,     ps_A_143_143,     ps_A_143_217,     ps_A_217_217,         ksz_norm,     gal545_A_100,     gal545_A_143, gal545_A_143_217,     gal545_A_217,    galf_TE_A_100, galf_TE_A_100_143, galf_TE_A_100_217,    galf_TE_A_143, galf_TE_A_143_217,    galf_TE_A_217,       calib_100T,       calib_217T,         A_planck,                M,           sigma8,             rs_d
 1.391623e-08	-2.341116e-08	 1.993248e-07	 8.346877e-08	 7.785464e-08	 7.669659e-09	-5.270085e-05	 1.641494e-06	 5.784974e-06	-5.071996e-05	-9.422830e-05	-3.572508e-05	 1.503581e-05	-3.133420e-05	-4.631662e-06	-7.276032e-06	-5.042100e-06	-5.983135e-06	 1.779754e-07	-2.322564e-07	 6.674790e-07	-7.201148e-07	-1.284034e-06	-2.236480e-06	 3.987015e-10	-8.006824e-09	 3.033898e-08	 5.788285e-07	-7.896468e-08	-9.302368e-06	
-2.341116e-08	 9.180923e-07	-3.360819e-06	-2.415799e-06	-1.686232e-06	-3.267326e-06	-3.401264e-05	 9.100040e-06	-1.308141e-04	 1.902321e-03	 1.610554e-03	 1.407783e-03	 1.429793e-03	-4.179756e-04	-1.940829e-04	-9.672203e-06	-1.672359e-04	-3.718804e-05	-9.453100e-07	 2.068566e-06	-6.885007e-06	 3.812337e-06	 6.046182e-06	 2.208472e-05	-4.300008e-08	 2.915435e-08	 7.983382e-07	-8.677464e-06	 1.706987e-06	-2.169473e-04	
 1.993248e-07	-3.360819e-06	 1.410575e-05	 9.260349e-06	 6.346302e-06	 1.139554e-05	-1.553223e-05	-5.481525e-06	 6.737627e-04	-6.700365e-03	-6.315387e-03	-4.706217e-03	-5.091917e-03	 1.383035e-03	 7.418215e-04	 5.412179e-05	 7.080037e-04	-6.680234e-05	 5.614853e-06	-7.563262e-06	 3.000506e-05	-1.566354e-05	-2.847559e-05	-9.847206e-05	 2.010389e-07	-1.702101e-07	-2.533264e-06	 3.678264e-05	-6.262411e-06	 6.675694e-04	
 8.346877e-08	-2.415799e-06	 9.260349e-06	 6.663190e-05	 1.510712e-06	 3.363331e-05	 8.035940e-03	-1.157173e-04	-3.864712e-04	-1.560766e-03	-6.794361e-03	-9.254772e-03	-1.210824e-02	 2.209748e-03	 1.600636e-03	-6.449248e-04	-3.435767e-03	-1.035028e-02	-8.987620e-06	 1.165060e-05	 5.289201e-05	 5.854499e-06	 2.418716e-05	 7.152321e-05	 1.993462e-07	-1.207589e-07	 2.413327e-06	 2.327057e-05	 1.904290e-05	 5.485735e-04	
 7.785464e-08	-1.686232e-06	 6.346302e-06	 1.510712e-06	 1.120101e-05	 4.953470e-06	-4.866587e-03	 1.421509e-04	 1.319735e-04	-1.390055e-02	-4.018310e-03	 2.020998e-03	 5.065134e-03	-1.473573e-03	 2.280593e-04	 1.050426e-05	 4.391138e-05	 1.848537e-03	 8.063399e-06	-6.957682e-06	 1.387578e-05	-5.026009e-06	-5.885823e-06	-7.516052e-05	 6.312991e-08	-1.022231e-07	-1.349094e-06	 1.666011e-05	-2.021348e-06	 3.593748e-04	
 7.669659e-09	-3.267326e-06	 1.139554e-05	 3.363331e-05	 4.953470e-06	 2.959923e-05	 5.004605e-03	-1.703686e-04	 7.604794e-04	-8.860458e-03	-8.836306e-03	-1.018365e-02	-1.426720e-02	 2.460116e-03	 1.141427e-03	-1.629178e-04	-7.735905e-04	-5.289013e-03	-1.601610e-05	-2.804714e-06	 3.662685e-05	-1.773837e-05	-1.903744e-05	-4.931125e-05	 1.467561e-07	-2.229979e-07	-7.500615e-06	 2.922770e-05	 4.088595e-06	 8.579262e-04	
-5.270085e-05	-3.401264e-05	-1.553223e-05	 8.035940e-03	-4.866587e-03	 5.004605e-03	 4.945323e+01	-5.393489e-01	-1.376284e+00	 5.144455e+01	 5.420481e+00	-1.507969e+01	-6.053725e+01	-1.189229e+00	 6.188414e-02	 7.694665e-01	-5.802703e+00	-3.496402e+01	-1.940374e-02	 1.081413e-02	-3.671171e-02	 2.249549e-02	-3.536444e-04	-5.513855e-02	-4.122505e-04	 7.335705e-04	 8.478367e-05	-1.268694e-04	 1.979595e-03	 6.771017e-02	
 1.641494e-06	 9.100040e-06	-5.481525e-06	-1.157173e-04	 1.421509e-04	-1.703686e-04	-5.393489e-01	 8.169207e-02	-5.491748e-02	 5.625923e-03	 1.164421e+00	 2.107469e+00	 9.613388e-01	 2.286193e-02	-3.338816e-02	 1.957706e-03	 1.324548e-01	 2.368325e-01	 1.794999e-06	-4.403387e-04	-2.076577e-03	-5.830282e-05	 1.480163e-03	 5.710262e-04	 1.101529e-05	 1.233617e-05	 7.159613e-05	 1.179825e-05	 2.390460e-05	-4.258154e-03	
 5.784974e-06	-1.308141e-04	 6.737627e-04	-3.864712e-04	 1.319735e-04	 7.604794e-04	-1.376284e+00	-5.491748e-02	 3.156568e+00	-2.895733e+01	-6.149637e+00	 1.522733e+00	 1.187803e+00	-2.087631e-01	-2.286105e-01	 1.040051e-01	 2.311436e+00	 3.472244e+00	-1.854013e-03	-5.872178e-04	-1.770023e-04	-5.874968e-04	-1.933789e-02	-5.166341e-02	 2.077451e-05	 2.193686e-05	-5.083939e-04	 1.777493e-03	-5.339912e-04	 2.823283e-02	
-5.071996e-05	 1.902321e-03	-6.700365e-03	-1.560766e-03	-1.390055e-02	-8.860458e-03	 5.144455e+01	 5.625923e-03	-2.895733e+01	 8.189637e+02	 1.102579e+02	 9.241412e+00	-2.819580e+01	-1.226580e+01	-7.613954e+00	 7.167938e+00	-1.510440e+01	-4.231567e+01	 4.836889e-02	 2.743737e-02	-1.249475e-01	-3.493698e-02	 1.957497e-02	 6.977834e-01	 3.456630e-03	 2.612003e-04	 4.013052e-03	-1.910562e-02	 1.821329e-03	-4.476558e-01	
-9.422830e-05	 1.610554e-03	-6.315387e-03	-6.794361e-03	-4.018310e-03	-8.836306e-03	 5.420481e+00	 1.164421e+00	-6.149637e+00	 1.102579e+02	 8.580838e+01	 6.315725e+01	 2.788414e+01	-1.319531e+01	-6.406990e-01	-2.815375e-01	 2.095001e+00	-1.149704e-02	 7.603933e-04	 1.422966e-02	-1.003018e-01	 1.425091e-02	 2.266698e-02	 1.134739e-01	-9.336671e-05	 6.280050e-04	 2.205937e-03	-1.393302e-02	 1.845262e-03	-3.216539e-01	
-3.572508e-05	 1.407783e-03	-4.706217e-03	-9.254772e-03	 2.020998e-03	-1.018365e-02	-1.507969e+01	 2.107469e+00	 1.522733e+00	 9.241412e+00	 6.315725e+01	 9.726438e+01	 6.027016e+01	-1.262629e+01	-1.636954e+00	 9.676834e-02	 2.973904e+00	 7.116730e+00	 1.425541e-03	-5.848048e-03	-9.583790e-02	 1.319411e-02	 1.023214e-02	 1.699069e-02	 2.236718e-04	 4.101340e-04	 2.374408e-03	-9.665501e-03	 1.873284e-03	-3.331445e-01	
 1.503581e-05	 1.429793e-03	-5.091917e-03	-1.210824e-02	 5.065134e-03	-1.426720e-02	-6.053725e+01	 9.613388e-01	 1.187803e+00	-2.819580e+01	 2.788414e+01	 6.027016e+01	 1.164532e+02	-1.093974e+01	-6.143353e-01	-5.519977e-01	 3.481493e+00	 3.402827e+01	 4.208632e-02	-4.909083e-03	 2.674315e-02	-4.687491e-03	-2.441308e-03	 1.018785e-01	 4.903344e-04	-9.140549e-04	 3.983670e-03	-1.195792e-02	 1.288948e-03	-3.952340e-01	
-3.133420e-05	-4.179756e-04	 1.383035e-03	 2.209748e-03	-1.473573e-03	 2.460116e-03	-1.189229e+00	 2.286193e-02	-2.087631e-01	-1.226580e+01	-1.319531e+01	-1.262629e+01	-1.093974e+01	 7.275624e+00	 2.714967e-01	-6.516107e-01	-8.305355e-01	-8.717154e-01	-4.014714e-03	-3.112260e-03	 2.522270e-02	-5.404651e-03	 2.019977e-02	 2.957139e-02	 6.583319e-05	-9.584530e-05	-2.161749e-04	 2.571151e-03	-7.729455e-04	 1.455703e-01	
-4.631662e-06	-1.940829e-04	 7.418215e-04	 1.600636e-03	 2.280593e-04	 1.141427e-03	 6.188414e-02	-3.338816e-02	-2.286105e-01	-7.613954e+00	-6.406990e-01	-1.636954e+00	-6.143353e-01	 2.714967e-01	 3.966015e+00	 3.827919e-01	 1.363832e-01	 2.826586e-01	-8.633455e-04	 7.159622e-04	 1.030345e-02	 3.347193e-03	-4.011371e-03	 2.817371e-03	 3.052116e-04	 1.212952e-05	-5.053730e-06	 2.021588e-03	 1.108370e-04	 5.655581e-02	
-7.276032e-06	-9.672203e-06	 5.412179e-05	-6.449248e-04	 1.050426e-05	-1.629178e-04	 7.694665e-01	 1.957706e-03	 1.040051e-01	 7.167938e+00	-2.815375e-01	 9.676834e-02	-5.519977e-01	-6.516107e-01	 3.827919e-01	 2.776483e+00	 2.144062e+00	 1.901510e+00	 1.311162e-03	 3.571958e-04	 2.724600e-03	-8.466979e-04	 3.348845e-04	 1.369672e-02	-1.556485e-04	-4.356731e-05	 1.006232e-04	 1.870832e-04	-2.389325e-04	 1.060970e-02	
-5.042100e-06	-1.672359e-04	 7.080037e-04	-3.435767e-03	 4.391138e-05	-7.735905e-04	-5.802703e+00	 1.324548e-01	 2.311436e+00	-1.510440e+01	 2.095001e+00	 2.973904e+00	 3.481493e+00	-8.305355e-01	 1.363832e-01	 2.144062e+00	 1.007925e+01	 1.816217e+01	-1.470290e-03	-1.342361e-05	-2.124352e-02	-1.125188e-02	-2.562521e-02	-3.445675e-02	-4.098107e-05	 5.285843e-04	-3.593463e-04	 2.465474e-03	-1.877129e-03	 4.974060e-02	
-5.983135e-06	-3.718804e-05	-6.680234e-05	-1.035028e-02	 1.848537e-03	-5.289013e-03	-3.496402e+01	 2.368325e-01	 3.472244e+00	-4.231567e+01	-1.149704e-02	 7.116730e+00	 3.402827e+01	-8.717154e-01	 2.826586e-01	 1.901510e+00	 1.816217e+01	 5.181814e+01	 1.853671e-03	-2.838159e-03	-2.010494e-02	-2.056368e-02	-3.232295e-02	 2.140460e-02	 1.329041e-04	 1.027991e-03	 1.152023e-04	 8.330545e-04	-3.787030e-03	 1.626112e-02	
 1.779754e-07	-9.453100e-07	 5.614853e-06	-8.987620e-06	 8.063399e-06	-1.601610e-05	-1.940374e-02	 1.794999e-06	-1.854013e-03	 4.836889e-02	 7.603933e-04	 1.425541e-03	 4.208632e-02	-4.014714e-03	-8.633455e-04	 1.311162e-03	-1.470290e-03	 1.853671e-03	 1.475807e-03	 2.891253e-04	 1.550939e-04	-2.922359e-04	-1.206917e-04	-4.950410e-04	 5.919403e-07	-1.693535e-06	 1.133726e-05	 7.569481e-06	-4.900555e-06	 4.947714e-05	
-2.322564e-07	 2.068566e-06	-7.563262e-06	 1.165060e-05	-6.957682e-06	-2.804714e-06	 1.081413e-02	-4.403387e-04	-5.872178e-04	 2.743737e-02	 1.422966e-02	-5.848048e-03	-4.909083e-03	-3.112260e-03	 7.159622e-04	 3.571958e-04	-1.342361e-05	-2.838159e-03	 2.891253e-04	 9.371850e-04	-1.096444e-04	 9.059856e-04	 9.219730e-05	-1.380581e-03	-6.072662e-07	-6.507180e-07	 5.823879e-06	-2.250207e-05	 1.111390e-05	-2.911063e-04	
 6.674790e-07	-6.885007e-06	 3.000506e-05	 5.289201e-05	 1.387578e-05	 3.662685e-05	-3.671171e-02	-2.076577e-03	-1.770023e-04	-1.249475e-01	-1.003018e-01	-9.583790e-02	 2.674315e-02	 2.522270e-02	 1.030345e-02	 2.724600e-03	-2.124352e-02	-2.010494e-02	 1.550939e-04	-1.096444e-04	 7.772562e-03	-7.760434e-04	 1.035857e-03	 4.831810e-03	-1.248369e-06	-4.818025e-06	 1.591950e-06	 9.095562e-05	-2.111110e-07	 1.081437e-03	
-7.201148e-07	 3.812337e-06	-1.566354e-05	 5.854499e-06	-5.026009e-06	-1.773837e-05	 2.249549e-02	-5.830282e-05	-5.874968e-04	-3.493698e-02	 1.425091e-02	 1.319411e-02	-4.687491e-03	-5.404651e-03	 3.347193e-03	-8.466979e-04	-1.125188e-02	-2.056368e-02	-2.922359e-04	 9.059856e-04	-7.760434e-04	 3.199721e-03	 5.342025e-04	-1.704511e-03	-1.814577e-06	 2.012786e-06	 1.543486e-05	-5.350893e-05	 1.773200e-05	-2.075217e-04	
-1.284034e-06	 6.046182e-06	-2.847559e-05	 2.418716e-05	-5.885823e-06	-1.903744e-05	-3.536444e-04	 1.480163e-03	-1.933789e-02	 1.957497e-02	 2.266698e-02	 1.023214e-02	-2.441308e-03	 2.019977e-02	-4.011371e-03	 3.348845e-04	-2.562521e-02	-3.232295e-02	-1.206917e-04	 9.219730e-05	 1.035857e-03	 5.342025e-04	 6.743263e-03	 8.039502e-03	-2.510007e-06	 4.388571e-07	 2.785504e-05	-7.018090e-05	 3.464701e-05	-1.722859e-04	
-2.236480e-06	 2.208472e-05	-9.847206e-05	 7.152321e-05	-7.516052e-05	-4.931125e-05	-5.513855e-02	 5.710262e-04	-5.166341e-02	 6.977834e-01	 1.134739e-01	 1.699069e-02	 1.018785e-01	 2.957139e-02	 2.817371e-03	 1.369672e-02	-3.445675e-02	 2.140460e-02	-4.950410e-04	-1.380581e-03	 4.831810e-03	-1.704511e-03	 8.039502e-03	 7.253139e-02	 1.285142e-06	 9.091165e-06	 6.715097e-05	-2.534216e-04	 8.874665e-05	-3.345664e-03	
 3.987015e-10	-4.300008e-08	 2.010389e-07	 1.993462e-07	 6.312991e-08	 1.467561e-07	-4.122505e-04	 1.101529e-05	 2.077451e-05	 3.456630e-03	-9.336671e-05	 2.236718e-04	 4.903344e-04	 6.583319e-05	 3.052116e-04	-1.556485e-04	-4.098107e-05	 1.329041e-04	 5.919403e-07	-6.072662e-07	-1.248369e-06	-1.814577e-06	-2.510007e-06	 1.285142e-06	 3.784219e-07	 7.728028e-09	-5.935374e-08	 3.754668e-07	-3.552811e-08	 1.095401e-05	
-8.006824e-09	 2.915435e-08	-1.702101e-07	-1.207589e-07	-1.022231e-07	-2.229979e-07	 7.335705e-04	 1.233617e-05	 2.193686e-05	 2.612003e-04	 6.280050e-04	 4.101340e-04	-9.140549e-04	-9.584530e-05	 1.212952e-05	-4.356731e-05	 5.285843e-04	 1.027991e-03	-1.693535e-06	-6.507180e-07	-4.818025e-06	 2.012786e-06	 4.388571e-07	 9.091165e-06	 7.728028e-09	 3.973582e-07	 1.296437e-07	-3.388159e-07	 5.280566e-08	 1.154322e-06	
 3.033898e-08	 7.983382e-07	-2.533264e-06	 2.413327e-06	-1.349094e-06	-7.500615e-06	 8.478367e-05	 7.159613e-05	-5.083939e-04	 4.013052e-03	 2.205937e-03	 2.374408e-03	 3.983670e-03	-2.161749e-04	-5.053730e-06	 1.006232e-04	-3.593463e-04	 1.152023e-04	 1.133726e-05	 5.823879e-06	 1.591950e-06	 1.543486e-05	 2.785504e-05	 6.715097e-05	-5.935374e-08	 1.296437e-07	 7.334591e-06	-6.845729e-06	 3.138079e-06	-2.456192e-04	
 5.788285e-07	-8.677464e-06	 3.678264e-05	 2.327057e-05	 1.666011e-05	 2.922770e-05	-1.268694e-04	 1.179825e-05	 1.777493e-03	-1.910562e-02	-1.393302e-02	-9.665501e-03	-1.195792e-02	 2.571151e-03	 2.021588e-03	 1.870832e-04	 2.465474e-03	 8.330545e-04	 7.569481e-06	-2.250207e-05	 9.095562e-05	-5.350893e-05	-7.018090e-05	-2.534216e-04	 3.754668e-07	-3.388159e-07	-6.845729e-06	 1.127834e-04	-1.665829e-05	 1.652315e-03	
-7.896468e-08	 1.706987e-06	-6.262411e-06	 1.904290e-05	-2.021348e-06	 4.088595e-06	 1.979595e-03	 2.390460e-05	-5.339912e-04	 1.821329e-03	 1.845262e-03	 1.873284e-03	 1.288948e-03	-7.729455e-04	 1.108370e-04	-2.389325e-04	-1.877129e-03	-3.787030e-03	-4.900555e-06	 1.111390e-05	-2.111110e-07	 1.773200e-05	 3.464701e-05	 8.874665e-05	-3.552811e-08	 5.280566e-08	 3.138079e-06	-1.665829e-05	 1.329220e-05	-3.631806e-04	
-9.302368e-06	-2.169473e-04	 6.675694e-04	 5.485735e-04	 3.593748e-04	 8.579262e-04	 6.771017e-02	-4.258154e-03	 2.823283e-02	-4.476558e-01	-3.216539e-01	-3.331445e-01	-3.952340e-01	 1.455703e-01	 5.655581e-02	 1.060970e-02	 4.974060e-02	 1.626112e-02	 4.947714e-05	-2.911063e-04	 1.081437e-03	-2.075217e-04	-1.722859e-04	-3.345664e-03	 1.095401e-05	 1.154322e-06	-2.456192e-04	 1.652315e-03	-3.631806e-04	 6.778795e-02	
