#          omega_b,        omega_cdm,                h,     ln10^{10}A_s,              n_s,         tau_reio,        A_cib_217,        xi_sz_cib,             A_sz,     ps_A_100_100,     ps_A_143_143,     ps_A_143_217,     ps_A_217_217,         ksz_norm,     gal545_A_100,     gal545_A_143, gal545_A_143_217,     gal545_A_217,    galf_TE_A_100, galf_TE_A_100_143, galf_TE_A_100_217,    galf_TE_A_143, galf_TE_A_143_217,    galf_TE_A_217,       calib_100T,       calib_217T,         A_planck,                M,           sigma8,             rs_d
 1.399039e-08	-2.492901e-08	 2.435477e-07	 4.226309e-07	 1.215723e-08	 2.590931e-07	-2.774064e-05	-5.108840e-06	-5.280954e-06	-1.517827e-04	-1.771258e-04	-2.431301e-04	-7.009324e-05	-2.882245e-07	-7.589645e-08	-9.225231e-06	-2.739128e-05	-4.272265e-05	 3.324767e-07	 1.618283e-07	-3.730484e-07	-1.688208e-07	-6.438601e-07	-3.257626e-06	-4.521928e-09	-2.180056e-10	-5.418999e-08	 7.157062e-07	 3.950875e-08	-8.917927e-06	
-2.492901e-08	 9.078039e-07	-3.606964e-06	-5.326331e-06	-1.999992e-06	-4.155602e-06	 2.591403e-04	-1.568042e-06	-1.340655e-04	 2.189701e-03	 5.263632e-04	 2.079108e-04	-4.543902e-05	-5.925518e-05	-1.064021e-04	-6.922229e-05	-1.566177e-04	-7.244554e-05	 3.882263e-07	-9.332252e-07	-9.067926e-07	-1.916864e-06	 2.196284e-06	 1.306149e-05	-4.052975e-08	 3.504027e-08	 2.983188e-07	-9.034616e-06	 4.371878e-07	-2.141560e-04	
 2.435477e-07	-3.606964e-06	 1.694092e-05	 2.174243e-05	 7.522653e-06	 1.711162e-05	-1.171497e-03	-8.131573e-05	 6.696282e-04	-1.206258e-02	-3.815987e-03	-3.746845e-03	-1.093650e-03	 3.822955e-04	 4.229540e-04	 1.527954e-04	 6.590380e-04	 4.743514e-04	-8.697205e-07	 4.819376e-06	 5.002658e-06	 3.758427e-06	-1.494398e-05	-8.931893e-05	 1.134213e-07	-1.300251e-07	-1.974827e-06	 4.395353e-05	-1.862371e-06	 6.900548e-04	
 4.226309e-07	-5.326331e-06	 2.174243e-05	 2.770835e-04	 2.052307e-05	 1.359664e-04	-9.621099e-03	-1.895852e-04	-5.608536e-04	 4.776262e-03	-1.032432e-02	-7.734275e-03	 1.704084e-02	-4.618184e-03	 5.149586e-04	 1.304801e-04	-3.082461e-03	 1.313926e-03	 3.128478e-05	 3.441666e-05	 3.158550e-05	 3.019606e-05	-8.143506e-05	-2.307453e-04	 5.227578e-07	-7.549887e-07	 8.749169e-06	 5.330158e-05	 9.831288e-05	 9.592247e-04	
 1.215723e-08	-1.999992e-06	 7.522653e-06	 2.052307e-05	 1.250367e-05	 1.481503e-05	-2.605318e-03	 8.447420e-05	 5.117007e-04	-1.488118e-02	-1.573261e-03	 2.931531e-03	 4.487977e-03	-2.525527e-03	 6.018013e-04	-3.176197e-05	-2.123231e-05	 4.583771e-04	 4.423046e-06	 1.094762e-05	-1.160099e-05	 1.191054e-05	-4.691437e-06	-4.856744e-05	 1.059571e-07	-4.115065e-08	-1.093397e-06	 1.892209e-05	 5.257428e-06	 5.199725e-04	
 2.590931e-07	-4.155602e-06	 1.711162e-05	 1.359664e-04	 1.481503e-05	 7.651817e-05	-3.719175e-03	-1.700653e-04	-6.319599e-05	 2.912596e-03	-9.170522e-03	-8.047145e-03	 3.328663e-03	-1.705216e-03	-1.963682e-04	 3.322187e-04	-1.648941e-03	-1.528963e-03	 1.460194e-05	 1.242147e-05	 1.242879e-06	 1.600519e-05	-5.127484e-05	-1.402819e-04	 1.970886e-07	-2.719458e-07	-2.674209e-06	 4.325975e-05	 4.425783e-05	 8.242090e-04	
-2.774064e-05	 2.591403e-04	-1.171497e-03	-9.621099e-03	-2.605318e-03	-3.719175e-03	 4.274803e+01	-3.935338e-01	-8.689170e-01	 3.443475e+01	 1.424234e+00	-1.244803e+01	-5.268297e+01	-5.387062e-01	-6.617051e-02	 3.818440e-01	-6.375461e+00	-3.325793e+01	 5.473325e-04	-2.834152e-03	 1.794414e-02	 3.746506e-03	 3.264910e-03	 1.480673e-02	-4.007796e-04	 6.860467e-04	-2.934151e-04	-4.389026e-03	-3.651949e-03	-3.857307e-02	
-5.108840e-06	-1.568042e-06	-8.131573e-05	-1.895852e-04	 8.447420e-05	-1.700653e-04	-3.935338e-01	 7.917025e-02	-3.936115e-02	-4.383612e-01	 1.182476e+00	 2.068014e+00	 7.799836e-01	-7.681316e-03	-1.177147e-02	 8.548676e-03	 1.364820e-01	 1.819855e-01	-2.588282e-04	-1.017922e-04	-1.642328e-04	-3.234952e-04	-2.903984e-04	-1.206572e-03	 1.690041e-05	-3.383382e-06	 5.344068e-05	-2.786595e-04	-4.787122e-05	 6.080645e-03	
-5.280954e-06	-1.340655e-04	 6.696282e-04	-5.608536e-04	 5.117007e-04	-6.319599e-05	-8.689170e-01	-3.936115e-02	 3.760719e+00	-3.298233e+01	-7.075233e+00	 2.955792e+00	 7.861218e-01	-2.828789e-01	-8.780008e-03	 2.885838e-02	 2.553292e+00	 3.394482e+00	-1.712667e-03	-2.537294e-03	-3.065672e-03	-3.506188e-03	 3.291645e-04	 1.194103e-02	 1.632515e-04	-4.275559e-05	 1.714213e-04	 1.257443e-03	-4.432821e-04	 4.165059e-02	
-1.517827e-04	 2.189701e-03	-1.206258e-02	 4.776262e-03	-1.488118e-02	 2.912596e-03	 3.443475e+01	-4.383612e-01	-3.298233e+01	 8.479842e+02	 1.119680e+02	-1.219763e+01	-1.655156e+01	-9.717782e+00	-7.624070e+00	 5.928577e+00	-1.349726e+01	-2.608264e+01	 2.948364e-02	-4.988406e-04	 8.270932e-02	 6.107433e-02	 3.812125e-02	-5.081509e-02	 3.214290e-03	 1.577596e-03	-2.436604e-03	-3.000764e-02	 4.762838e-03	-4.143360e-01	
-1.771258e-04	 5.263632e-04	-3.815987e-03	-1.032432e-02	-1.573261e-03	-9.170522e-03	 1.424234e+00	 1.182476e+00	-7.075233e+00	 1.119680e+02	 9.169300e+01	 6.362258e+01	 3.254383e+01	-1.432127e+01	 4.086883e-01	-8.738697e-01	 2.962562e+00	 3.642081e+00	-2.230564e-03	-2.893542e-03	 3.614760e-02	-2.854629e-02	 5.610781e-03	-8.782828e-02	 1.325367e-04	 3.692098e-05	 2.042604e-03	-1.015023e-02	-2.231269e-03	 5.580171e-02	
-2.431301e-04	 2.079108e-04	-3.746845e-03	-7.734275e-03	 2.931531e-03	-8.047145e-03	-1.244803e+01	 2.068014e+00	 2.955792e+00	-1.219763e+01	 6.362258e+01	 9.832222e+01	 5.529661e+01	-1.329924e+01	 3.406855e-01	-3.620975e-01	 5.118401e+00	 8.788726e+00	-1.385400e-02	-9.879086e-03	 1.737237e-04	-3.352558e-02	-8.297481e-03	-4.876584e-02	 7.839531e-04	-3.632419e-04	 2.739658e-03	-1.209179e-02	-7.472780e-04	 2.139935e-01	
-7.009324e-05	-4.543902e-05	-1.093650e-03	 1.704084e-02	 4.487977e-03	 3.328663e-03	-5.268297e+01	 7.799836e-01	 7.861218e-01	-1.655156e+01	 3.254383e+01	 5.529661e+01	 1.040860e+02	-1.162118e+01	 8.567199e-01	-6.048299e-01	 5.639269e+00	 3.369974e+01	-2.433935e-03	 1.817081e-03	-3.123313e-02	-2.234439e-02	-1.267186e-02	-5.919341e-02	 7.384474e-04	-1.338224e-03	 2.902513e-03	-1.791937e-03	 8.228611e-03	 9.020123e-02	
-2.882245e-07	-5.925518e-05	 3.822955e-04	-4.618184e-03	-2.525527e-03	-1.705216e-03	-5.387062e-01	-7.681316e-03	-2.828789e-01	-9.717782e+00	-1.432127e+01	-1.329924e+01	-1.162118e+01	 7.421279e+00	-5.812002e-01	-3.756199e-01	-1.315077e+00	-1.399767e+00	-3.157242e-03	-1.637695e-03	 5.098966e-04	 8.980343e-03	 4.160015e-03	 5.372921e-02	-9.140021e-05	-1.226477e-05	 6.991140e-05	 1.266807e-03	-2.813566e-03	 1.596894e-02	
-7.589645e-08	-1.064021e-04	 4.229540e-04	 5.149586e-04	 6.018013e-04	-1.963682e-04	-6.617051e-02	-1.177147e-02	-8.780008e-03	-7.624070e+00	 4.086883e-01	 3.406855e-01	 8.567199e-01	-5.812002e-01	 3.320038e+00	 7.313656e-01	 4.711081e-01	 6.251133e-01	 2.929004e-03	 8.038740e-04	-9.774361e-04	-3.323591e-03	 2.628498e-03	-1.576598e-02	 1.043301e-04	-5.464632e-05	 5.685398e-04	 1.311588e-03	 3.832147e-05	 2.842341e-02	
-9.225231e-06	-6.922229e-05	 1.527954e-04	 1.304801e-04	-3.176197e-05	 3.322187e-04	 3.818440e-01	 8.548676e-03	 2.885838e-02	 5.928577e+00	-8.738697e-01	-3.620975e-01	-6.048299e-01	-3.756199e-01	 7.313656e-01	 3.236507e+00	 2.494062e+00	 2.456241e+00	 2.171447e-03	-3.247044e-03	 3.905068e-04	-7.983265e-03	-4.847496e-03	-9.275952e-03	-1.431678e-04	-7.552005e-05	 1.105119e-04	-1.670214e-04	-1.617323e-04	 2.866647e-02	
-2.739128e-05	-1.566177e-04	 6.590380e-04	-3.082461e-03	-2.123231e-05	-1.648941e-03	-6.375461e+00	 1.364820e-01	 2.553292e+00	-1.349726e+01	 2.962562e+00	 5.118401e+00	 5.639269e+00	-1.315077e+00	 4.711081e-01	 2.494062e+00	 1.005604e+01	 1.823333e+01	 2.925141e-03	-1.427462e-03	 4.130321e-03	-1.011952e-02	 2.214079e-03	 6.646411e-03	 1.672788e-04	 2.891129e-04	 4.488290e-04	 8.466784e-04	-1.602344e-03	 7.219488e-02	
-4.272265e-05	-7.244554e-05	 4.743514e-04	 1.313926e-03	 4.583771e-04	-1.528963e-03	-3.325793e+01	 1.819855e-01	 3.394482e+00	-2.608264e+01	 3.642081e+00	 8.788726e+00	 3.369974e+01	-1.399767e+00	 6.251133e-01	 2.456241e+00	 1.823333e+01	 5.172541e+01	 6.964962e-03	 3.800485e-03	 4.708255e-03	-1.153434e-02	 8.917802e-03	-2.037152e-04	 4.504395e-04	 7.867040e-04	 2.020440e-03	 1.436744e-03	 7.300125e-04	 6.709465e-02	
 3.324767e-07	 3.882263e-07	-8.697205e-07	 3.128478e-05	 4.423046e-06	 1.460194e-05	 5.473325e-04	-2.588282e-04	-1.712667e-03	 2.948364e-02	-2.230564e-03	-1.385400e-02	-2.433935e-03	-3.157242e-03	 2.929004e-03	 2.171447e-03	 2.925141e-03	 6.964962e-03	 1.492071e-03	 2.218772e-04	 6.107181e-05	-4.111565e-04	-1.867279e-04	 2.817936e-04	 4.716666e-07	 3.386547e-07	 1.196865e-06	 1.178148e-05	 1.330850e-05	-4.693992e-04	
 1.618283e-07	-9.332252e-07	 4.819376e-06	 3.441666e-05	 1.094762e-05	 1.242147e-05	-2.834152e-03	-1.017922e-04	-2.537294e-03	-4.988406e-04	-2.893542e-03	-9.879086e-03	 1.817081e-03	-1.637695e-03	 8.038740e-04	-3.247044e-03	-1.427462e-03	 3.800485e-03	 2.218772e-04	 8.114142e-04	 5.329849e-05	 7.157211e-04	-1.471837e-04	-7.394077e-04	 1.204931e-06	 1.986935e-07	 6.229877e-06	 1.432651e-05	 1.349228e-05	 6.719233e-05	
-3.730484e-07	-9.067926e-07	 5.002658e-06	 3.158550e-05	-1.160099e-05	 1.242879e-06	 1.794414e-02	-1.642328e-04	-3.065672e-03	 8.270932e-02	 3.614760e-02	 1.737237e-04	-3.123313e-02	 5.098966e-04	-9.774361e-04	 3.905068e-04	 4.130321e-03	 4.708255e-03	 6.107181e-05	 5.329849e-05	 7.733911e-03	-8.921155e-05	 8.428686e-04	 4.694150e-03	-9.023569e-07	-1.783552e-06	 1.290101e-05	 1.904931e-05	 9.189525e-06	 6.515461e-04	
-1.688208e-07	-1.916864e-06	 3.758427e-06	 3.019606e-05	 1.191054e-05	 1.600519e-05	 3.746506e-03	-3.234952e-04	-3.506188e-03	 6.107433e-02	-2.854629e-02	-3.352558e-02	-2.234439e-02	 8.980343e-03	-3.323591e-03	-7.983265e-03	-1.011952e-02	-1.153434e-02	-4.111565e-04	 7.157211e-04	-8.921155e-05	 2.886358e-03	 3.043400e-04	-1.145262e-03	 2.942638e-06	 1.064472e-06	 3.981790e-06	-4.737855e-06	 9.606056e-06	 6.950985e-04	
-6.438601e-07	 2.196284e-06	-1.494398e-05	-8.143506e-05	-4.691437e-06	-5.127484e-05	 3.264910e-03	-2.903984e-04	 3.291645e-04	 3.812125e-02	 5.610781e-03	-8.297481e-03	-1.267186e-02	 4.160015e-03	 2.628498e-03	-4.847496e-03	 2.214079e-03	 8.917802e-03	-1.867279e-04	-1.471837e-04	 8.428686e-04	 3.043400e-04	 5.785432e-03	 7.100928e-03	 1.300078e-06	-6.596641e-07	 1.040565e-05	-5.935786e-05	-2.440750e-05	 1.273470e-04	
-3.257626e-06	 1.306149e-05	-8.931893e-05	-2.307453e-04	-4.856744e-05	-1.402819e-04	 1.480673e-02	-1.206572e-03	 1.194103e-02	-5.081509e-02	-8.782828e-02	-4.876584e-02	-5.919341e-02	 5.372921e-02	-1.576598e-02	-9.275952e-03	 6.646411e-03	-2.037152e-04	 2.817936e-04	-7.394077e-04	 4.694150e-03	-1.145262e-03	 7.100928e-03	 6.228329e-02	-2.980348e-06	-6.730215e-06	 2.635554e-05	-2.853907e-04	-5.306773e-05	 1.452389e-04	
-4.521928e-09	-4.052975e-08	 1.134213e-07	 5.227578e-07	 1.059571e-07	 1.970886e-07	-4.007796e-04	 1.690041e-05	 1.632515e-04	 3.214290e-03	 1.325367e-04	 7.839531e-04	 7.384474e-04	-9.140021e-05	 1.043301e-04	-1.431678e-04	 1.672788e-04	 4.504395e-04	 4.716666e-07	 1.204931e-06	-9.023569e-07	 2.942638e-06	 1.300078e-06	-2.980348e-06	 3.620901e-07	 1.725913e-08	 3.027276e-08	 1.190025e-07	 1.256193e-07	 1.583795e-05	
-2.180056e-10	 3.504027e-08	-1.300251e-07	-7.549887e-07	-4.115065e-08	-2.719458e-07	 6.860467e-04	-3.383382e-06	-4.275559e-05	 1.577596e-03	 3.692098e-05	-3.632419e-04	-1.338224e-03	-1.226477e-05	-5.464632e-05	-7.552005e-05	 2.891129e-04	 7.867040e-04	 3.386547e-07	 1.986935e-07	-1.783552e-06	 1.064472e-06	-6.596641e-07	-6.730215e-06	 1.725913e-08	 3.951967e-07	-1.386267e-07	-1.772928e-07	-1.974644e-07	-9.081214e-06	
-5.418999e-08	 2.983188e-07	-1.974827e-06	 8.749169e-06	-1.093397e-06	-2.674209e-06	-2.934151e-04	 5.344068e-05	 1.714213e-04	-2.436604e-03	 2.042604e-03	 2.739658e-03	 2.902513e-03	 6.991140e-05	 5.685398e-04	 1.105119e-04	 4.488290e-04	 2.020440e-03	 1.196865e-06	 6.229877e-06	 1.290101e-05	 3.981790e-06	 1.040565e-05	 2.635554e-05	 3.027276e-08	-1.386267e-07	 6.719432e-06	-6.229864e-06	 4.368930e-06	-1.926113e-05	
 7.157062e-07	-9.034616e-06	 4.395353e-05	 5.330158e-05	 1.892209e-05	 4.325975e-05	-4.389026e-03	-2.786595e-04	 1.257443e-03	-3.000764e-02	-1.015023e-02	-1.209179e-02	-1.791937e-03	 1.266807e-03	 1.311588e-03	-1.670214e-04	 8.466784e-04	 1.436744e-03	 1.178148e-05	 1.432651e-05	 1.904931e-05	-4.737855e-06	-5.935786e-05	-2.853907e-04	 1.190025e-07	-1.772928e-07	-6.229864e-06	 1.321582e-04	-5.440307e-06	 1.611228e-03	
 3.950875e-08	 4.371878e-07	-1.862371e-06	 9.831288e-05	 5.257428e-06	 4.425783e-05	-3.651949e-03	-4.787122e-05	-4.432821e-04	 4.762838e-03	-2.231269e-03	-7.472780e-04	 8.228611e-03	-2.813566e-03	 3.832147e-05	-1.617323e-04	-1.602344e-03	 7.300125e-04	 1.330850e-05	 1.349228e-05	 9.189525e-06	 9.606056e-06	-2.440750e-05	-5.306773e-05	 1.256193e-07	-1.974644e-07	 4.368930e-06	-5.440307e-06	 4.272095e-05	-1.562457e-04	
-8.917927e-06	-2.141560e-04	 6.900548e-04	 9.592247e-04	 5.199725e-04	 8.242090e-04	-3.857307e-02	 6.080645e-03	 4.165059e-02	-4.143360e-01	 5.580171e-02	 2.139935e-01	 9.020123e-02	 1.596894e-02	 2.842341e-02	 2.866647e-02	 7.219488e-02	 6.709465e-02	-4.693992e-04	 6.719233e-05	 6.515461e-04	 6.950985e-04	 1.273470e-04	 1.452389e-04	 1.583795e-05	-9.081214e-06	-1.926113e-05	 1.611228e-03	-1.562457e-04	 6.698170e-02	
