#          omega_b,        omega_cdm,                h,     ln10^{10}A_s,              n_s,             N_ur,         tau_reio,        A_cib_217,        xi_sz_cib,             A_sz,     ps_A_100_100,     ps_A_143_143,     ps_A_143_217,     ps_A_217_217,         ksz_norm,     gal545_A_100,     gal545_A_143, gal545_A_143_217,     gal545_A_217,    galf_TE_A_100, galf_TE_A_100_143, galf_TE_A_100_217,    galf_TE_A_143, galf_TE_A_143_217,    galf_TE_A_217,       calib_100T,       calib_217T,         A_planck,                M,           sigma8,             rs_d
 3.850870e-08	 1.456311e-07	 1.926052e-06	 1.753596e-06	 1.055130e-06	 1.845245e-05	 5.026971e-07	-3.268039e-05	-3.472501e-08	-3.175522e-05	 3.897726e-04	 1.695991e-06	-4.478802e-05	 8.943525e-05	-7.643495e-06	 1.167900e-05	-3.047020e-05	-6.030947e-05	-3.924298e-05	-7.348589e-08	-5.398073e-07	 2.882425e-07	-1.088649e-06	-2.530229e-07	-2.904141e-06	 4.039124e-09	-3.448624e-09	 1.102718e-07	 5.561206e-06	 7.705485e-07	-1.784371e-04	
 1.456311e-07	 5.570960e-06	 1.226259e-05	-8.543765e-07	 6.418385e-06	 2.807975e-04	-6.208942e-06	 1.708260e-03	-1.122789e-04	 1.446130e-04	 5.007043e-03	 1.339293e-03	-1.116660e-03	-1.462064e-03	 1.155679e-03	 3.880798e-04	 2.403400e-04	 4.094149e-04	-2.629457e-04	-1.045192e-06	 6.517927e-07	 9.719016e-08	 4.128697e-06	-4.224635e-06	 1.499412e-05	-4.999134e-08	 3.472687e-08	-1.179733e-06	 4.039444e-05	 1.025071e-05	-3.099070e-03	
 1.926052e-06	 1.226259e-05	 1.287806e-04	 1.021734e-04	 7.203693e-05	 1.368945e-03	 2.659007e-05	 5.039900e-04	-1.676278e-05	-7.915863e-04	 1.823331e-02	 4.019090e-03	 1.208340e-03	 4.452233e-03	 2.493533e-03	 1.152710e-03	-8.777852e-05	-1.020087e-03	-1.121085e-03	 8.599149e-06	-2.220296e-05	 3.833708e-05	-5.917490e-05	-1.080375e-05	 2.432649e-05	 6.612759e-08	-2.836013e-07	 5.681081e-06	 3.739364e-04	 5.236985e-05	-1.257499e-02	
 1.753596e-06	-8.543765e-07	 1.021734e-04	 2.514037e-04	 6.485510e-05	 7.160855e-04	 1.031564e-04	-7.152044e-03	 4.598918e-04	-2.258423e-03	 2.206812e-02	 2.264168e-03	 7.899624e-03	 1.912645e-02	-3.343867e-03	-1.050570e-03	-3.116769e-03	-5.268290e-03	-1.847269e-03	-1.459299e-05	-3.338197e-05	 5.518641e-05	-9.555605e-05	-2.669013e-05	-2.253239e-04	 3.499461e-07	-6.168582e-07	 1.926307e-05	 2.857656e-04	 8.982625e-05	-5.556816e-03	
 1.055130e-06	 6.418385e-06	 7.203693e-05	 6.485510e-05	 4.873408e-05	 7.544939e-04	 1.886478e-05	-3.283393e-03	 9.781937e-05	-6.916515e-04	 2.810865e-03	 3.452957e-03	 5.381568e-03	 9.980761e-03	-1.422616e-03	 8.339525e-04	-8.705478e-04	-1.698293e-03	-1.169138e-04	 6.923760e-06	-1.429017e-05	 2.758776e-05	-4.021172e-05	-1.167647e-05	 7.658979e-06	 1.047044e-07	-1.228586e-07	 4.218470e-06	 2.081229e-04	 3.403314e-05	-6.833000e-03	
 1.845245e-05	 2.807975e-04	 1.368945e-03	 7.160855e-04	 7.544939e-04	 1.982551e-02	-1.717343e-05	 6.527687e-02	-3.959200e-03	-2.296508e-04	 3.033285e-01	 7.878028e-02	-2.626928e-02	-1.925226e-02	 6.039839e-02	 2.182953e-02	 9.082628e-03	 7.750526e-03	-1.825267e-02	 5.065950e-05	-1.296608e-04	 3.210529e-04	-2.931396e-04	-2.220073e-04	 8.992821e-04	-1.259324e-06	-1.076642e-06	 1.577260e-06	 4.135434e-03	 7.305520e-04	-1.985054e-01	
 5.026971e-07	-6.208942e-06	 2.659007e-05	 1.031564e-04	 1.886478e-05	-1.717343e-05	 5.517641e-05	-4.782698e-03	 2.449159e-04	-8.764875e-04	-1.696339e-03	-3.149797e-03	 1.768527e-03	 6.046094e-03	-1.579841e-03	-5.848106e-04	-1.274970e-03	-2.680537e-03	-1.629849e-03	-4.951592e-06	-5.828834e-06	 3.397420e-05	-2.584420e-05	-3.768187e-06	-1.097071e-04	 8.785775e-08	-3.925327e-07	 3.256442e-06	 6.784601e-05	 2.614108e-05	 1.130169e-03	
-3.268039e-05	 1.708260e-03	 5.039900e-04	-7.152044e-03	-3.283393e-03	 6.527687e-02	-4.782698e-03	 4.584154e+01	-5.270642e-01	-1.720983e+00	 5.792747e+01	 9.714744e+00	-1.041830e+01	-5.206791e+01	-2.805355e+00	 3.037507e-01	 6.702146e-01	-6.695253e+00	-3.463683e+01	-3.513454e-03	 2.441596e-02	 5.112997e-04	 4.834245e-02	-1.196182e-02	-3.519543e-02	-1.896355e-04	 6.926519e-04	-5.293749e-04	 4.809554e-03	-3.499598e-04	-7.582216e-01	
-3.472501e-08	-1.122789e-04	-1.676278e-05	 4.598918e-04	 9.781937e-05	-3.959200e-03	 2.449159e-04	-5.270642e-01	 8.204049e-02	-8.552956e-02	-5.014939e-01	 1.024556e+00	 1.869845e+00	 7.631593e-01	 6.963651e-02	-2.259158e-02	-4.148777e-02	 7.294520e-02	 1.555182e-01	-2.752941e-05	-5.937199e-04	-2.606330e-04	-1.509392e-03	 1.172010e-03	 7.246148e-03	 1.766948e-05	-1.207870e-05	 9.630517e-05	-2.324229e-04	-2.060431e-05	 5.047518e-02	
-3.175522e-05	 1.446130e-04	-7.915863e-04	-2.258423e-03	-6.916515e-04	-2.296508e-04	-8.764875e-04	-1.720983e+00	-8.552956e-02	 3.885723e+00	-3.548897e+01	-1.104527e+01	 6.423519e-02	 2.758977e-01	 6.829386e-01	-2.246939e-01	 7.457109e-01	 3.234761e+00	 4.736158e+00	 3.838134e-03	-8.551611e-04	 5.215517e-03	-4.357394e-03	-1.009617e-03	 2.480530e-02	-1.131778e-05	 1.948363e-05	-9.763411e-06	-1.985530e-03	-4.962667e-04	 3.209702e-05	
 3.897726e-04	 5.007043e-03	 1.823331e-02	 2.206812e-02	 2.810865e-03	 3.033285e-01	-1.696339e-03	 5.792747e+01	-5.014939e-01	-3.548897e+01	 8.975207e+02	 1.539819e+02	 7.673271e+00	-2.126031e+01	-2.315869e+01	-3.003163e+00	 2.278724e+00	-2.198385e+01	-5.079429e+01	-1.945029e-02	-7.432844e-03	 2.147237e-02	 6.117503e-02	 5.077858e-02	-1.943912e-01	 4.871796e-03	 2.159348e-04	 3.538978e-03	 5.252907e-02	 1.458461e-02	-3.342252e+00	
 1.695991e-06	 1.339293e-03	 4.019090e-03	 2.264168e-03	 3.452957e-03	 7.878028e-02	-3.149797e-03	 9.714744e+00	 1.024556e+00	-1.104527e+01	 1.539819e+02	 1.011015e+02	 5.770787e+01	 2.517264e+01	-1.579865e+01	 2.339241e-01	-3.284017e+00	-4.751072e+00	-1.083481e+01	 8.382162e-03	 1.285947e-02	 7.683033e-04	 2.162642e-02	 3.313207e-02	 9.282424e-02	 1.068578e-04	-1.075128e-04	 8.816579e-04	 9.012991e-03	 3.817006e-03	-7.529042e-01	
-4.478802e-05	-1.116660e-03	 1.208340e-03	 7.899624e-03	 5.381568e-03	-2.626928e-02	 1.768527e-03	-1.041830e+01	 1.869845e+00	 6.423519e-02	 7.673271e+00	 5.770787e+01	 8.580687e+01	 5.015026e+01	-1.168083e+01	-9.625312e-01	-1.714043e+00	-6.058532e-01	 1.502585e-01	 1.196682e-02	-3.431390e-03	 1.990614e-02	-1.835438e-02	 4.462586e-02	 2.522731e-01	 2.817941e-04	-3.838607e-04	 2.310173e-03	-1.962056e-03	 2.355822e-03	 4.985251e-01	
 8.943525e-05	-1.462064e-03	 4.452233e-03	 1.912645e-02	 9.980761e-03	-1.925226e-02	 6.046094e-03	-5.206791e+01	 7.631593e-01	 2.758977e-01	-2.126031e+01	 2.517264e+01	 5.015026e+01	 1.021544e+02	-1.022905e+01	-1.000568e+00	-2.143223e+00	 1.451216e+00	 2.766880e+01	 1.646994e-02	-1.979469e-02	 1.721398e-02	-4.807087e-02	 2.807060e-02	 9.747044e-02	 1.566881e-04	-1.130873e-03	 3.427999e-03	 6.058810e-03	 6.441645e-03	 3.976738e-01	
-7.643495e-06	 1.155679e-03	 2.493533e-03	-3.343867e-03	-1.422616e-03	 6.039839e-02	-1.579841e-03	-2.805355e+00	 6.963651e-02	 6.829386e-01	-2.315869e+01	-1.579865e+01	-1.168083e+01	-1.022905e+01	 8.524110e+00	 5.376007e-02	 8.638745e-02	 7.327731e-01	 1.704453e+00	-2.633190e-03	-2.172646e-03	-7.739544e-03	-3.304030e-03	-4.837229e-03	 4.584436e-03	 1.830079e-05	-6.249896e-05	-7.776592e-04	 9.260522e-03	 7.008460e-05	-6.154366e-01	
 1.167900e-05	 3.880798e-04	 1.152710e-03	-1.050570e-03	 8.339525e-04	 2.182953e-02	-5.848106e-04	 3.037507e-01	-2.259158e-02	-2.246939e-01	-3.003163e+00	 2.339241e-01	-9.625312e-01	-1.000568e+00	 5.376007e-02	 3.184427e+00	 6.821266e-01	 4.587022e-01	 6.276211e-01	-2.847624e-04	-3.219062e-03	 3.576385e-04	-4.407846e-03	 5.580155e-03	-1.451577e-02	 2.039914e-04	-5.414084e-06	-2.692927e-04	 3.495154e-03	 3.622331e-04	-2.302985e-01	
-3.047020e-05	 2.403400e-04	-8.777852e-05	-3.116769e-03	-8.705478e-04	 9.082628e-03	-1.274970e-03	 6.702146e-01	-4.148777e-02	 7.457109e-01	 2.278724e+00	-3.284017e+00	-1.714043e+00	-2.143223e+00	 8.638745e-02	 6.821266e-01	 3.700294e+00	 3.689857e+00	 4.062376e+00	 2.650095e-04	-1.909419e-03	-3.379059e-03	-6.423831e-03	 1.922618e-04	-4.978948e-03	-1.582813e-04	-5.463314e-05	-1.716141e-04	-1.315440e-04	-9.148240e-04	-7.587720e-02	
-6.030947e-05	 4.094149e-04	-1.020087e-03	-5.268290e-03	-1.698293e-03	 7.750526e-03	-2.680537e-03	-6.695253e+00	 7.294520e-02	 3.234761e+00	-2.198385e+01	-4.751072e+00	-6.058532e-01	 1.451216e+00	 7.327731e-01	 4.587022e-01	 3.689857e+00	 1.190176e+01	 2.101062e+01	 4.130244e-03	-8.088760e-03	-3.777897e-03	-2.085090e-02	 3.671595e-03	 4.630214e-02	-8.186370e-06	 3.421532e-04	 2.383761e-04	-2.696533e-03	-1.290475e-03	-7.682410e-02	
-3.924298e-05	-2.629457e-04	-1.121085e-03	-1.847269e-03	-1.169138e-04	-1.825267e-02	-1.629849e-03	-3.463683e+01	 1.555182e-01	 4.736158e+00	-5.079429e+01	-1.083481e+01	 1.502585e-01	 2.766880e+01	 1.704453e+00	 6.276211e-01	 4.062376e+00	 2.101062e+01	 5.582468e+01	 3.445198e-03	-2.910593e-02	-3.969410e-04	-6.256166e-02	 1.204156e-02	 5.248131e-02	 9.557285e-05	 8.044026e-04	 1.799412e-03	-4.420435e-03	-8.284499e-04	 2.165594e-01	
-7.348589e-08	-1.045192e-06	 8.599149e-06	-1.459299e-05	 6.923760e-06	 5.065950e-05	-4.951592e-06	-3.513454e-03	-2.752941e-05	 3.838134e-03	-1.945029e-02	 8.382162e-03	 1.196682e-02	 1.646994e-02	-2.633190e-03	-2.847624e-04	 2.650095e-04	 4.130244e-03	 3.445198e-03	 1.389512e-03	 1.833794e-04	 1.170830e-04	-4.496707e-04	-1.085708e-04	-1.040063e-04	 1.854593e-07	-1.278297e-06	 8.358844e-07	 6.712180e-06	-8.689945e-06	 1.076575e-04	
-5.398073e-07	 6.517927e-07	-2.220296e-05	-3.338197e-05	-1.429017e-05	-1.296608e-04	-5.828834e-06	 2.441596e-02	-5.937199e-04	-8.551611e-04	-7.432844e-03	 1.285947e-02	-3.431390e-03	-1.979469e-02	-2.172646e-03	-3.219062e-03	-1.909419e-03	-8.088760e-03	-2.910593e-02	 1.833794e-04	 9.599153e-04	 3.018330e-05	 1.072126e-03	 4.552620e-05	-9.480882e-04	-2.302408e-06	-1.117262e-06	-9.527322e-06	-6.673484e-05	-9.699636e-06	 1.132915e-03	
 2.882425e-07	 9.719016e-08	 3.833708e-05	 5.518641e-05	 2.758776e-05	 3.210529e-04	 3.397420e-05	 5.112997e-04	-2.606330e-04	 5.215517e-03	 2.147237e-02	 7.683033e-04	 1.990614e-02	 1.721398e-02	-7.739544e-03	 3.576385e-04	-3.379059e-03	-3.777897e-03	-3.969410e-04	 1.170830e-04	 3.018330e-05	 7.085682e-03	-1.517206e-04	 9.909167e-04	 6.641309e-03	 1.479084e-06	 1.984984e-06	-6.364666e-06	 1.090088e-04	 2.043141e-05	-2.005121e-03	
-1.088649e-06	 4.128697e-06	-5.917490e-05	-9.555605e-05	-4.021172e-05	-2.931396e-04	-2.584420e-05	 4.834245e-02	-1.509392e-03	-4.357394e-03	 6.117503e-02	 2.162642e-02	-1.835438e-02	-4.807087e-02	-3.304030e-03	-4.407846e-03	-6.423831e-03	-2.085090e-02	-6.256166e-02	-4.496707e-04	 1.072126e-03	-1.517206e-04	 3.576498e-03	 5.873711e-04	-1.878069e-03	-2.659509e-06	-1.322202e-06	-2.457943e-05	-1.551153e-04	-2.419736e-05	 1.720137e-03	
-2.530229e-07	-4.224635e-06	-1.080375e-05	-2.669013e-05	-1.167647e-05	-2.220073e-04	-3.768187e-06	-1.196182e-02	 1.172010e-03	-1.009617e-03	 5.077858e-02	 3.313207e-02	 4.462586e-02	 2.807060e-02	-4.837229e-03	 5.580155e-03	 1.922618e-04	 3.671595e-03	 1.204156e-02	-1.085708e-04	 4.552620e-05	 9.909167e-04	 5.873711e-04	 6.403053e-03	 8.623423e-03	 1.342030e-06	-4.613887e-07	-5.850851e-06	-2.212293e-05	-1.935442e-05	 2.562472e-03	
-2.904141e-06	 1.499412e-05	 2.432649e-05	-2.253239e-04	 7.658979e-06	 8.992821e-04	-1.097071e-04	-3.519543e-02	 7.246148e-03	 2.480530e-02	-1.943912e-01	 9.282424e-02	 2.522731e-01	 9.747044e-02	 4.584436e-03	-1.451577e-02	-4.978948e-03	 4.630214e-02	 5.248131e-02	-1.040063e-04	-9.480882e-04	 6.641309e-03	-1.878069e-03	 8.623423e-03	 7.698516e-02	 3.288175e-07	 2.506551e-06	-2.352624e-05	 8.715546e-05	-5.514337e-05	-5.142121e-03	
 4.039124e-09	-4.999134e-08	 6.612759e-08	 3.499461e-07	 1.047044e-07	-1.259324e-06	 8.785775e-08	-1.896355e-04	 1.766948e-05	-1.131778e-05	 4.871796e-03	 1.068578e-04	 2.817941e-04	 1.566881e-04	 1.830079e-05	 2.039914e-04	-1.582813e-04	-8.186370e-06	 9.557285e-05	 1.854593e-07	-2.302408e-06	 1.479084e-06	-2.659509e-06	 1.342030e-06	 3.288175e-07	 3.963747e-07	 2.002095e-08	 9.276545e-08	 2.655829e-07	 3.345596e-08	 1.485161e-05	
-3.448624e-09	 3.472687e-08	-2.836013e-07	-6.168582e-07	-1.228586e-07	-1.076642e-06	-3.925327e-07	 6.926519e-04	-1.207870e-05	 1.948363e-05	 2.159348e-04	-1.075128e-04	-3.838607e-04	-1.130873e-03	-6.249896e-05	-5.414084e-06	-5.463314e-05	 3.421532e-04	 8.044026e-04	-1.278297e-06	-1.117262e-06	 1.984984e-06	-1.322202e-06	-4.613887e-07	 2.506551e-06	 2.002095e-08	 3.571488e-07	 5.563256e-08	-7.200203e-07	-1.245000e-07	 3.014041e-07	
 1.102718e-07	-1.179733e-06	 5.681081e-06	 1.926307e-05	 4.218470e-06	 1.577260e-06	 3.256442e-06	-5.293749e-04	 9.630517e-05	-9.763411e-06	 3.538978e-03	 8.816579e-04	 2.310173e-03	 3.427999e-03	-7.776592e-04	-2.692927e-04	-1.716141e-04	 2.383761e-04	 1.799412e-03	 8.358844e-07	-9.527322e-06	-6.364666e-06	-2.457943e-05	-5.850851e-06	-2.352624e-05	 9.276545e-08	 5.563256e-08	 7.495710e-06	 1.477765e-05	 4.811978e-06	 1.780458e-04	
 5.561206e-06	 4.039444e-05	 3.739364e-04	 2.857656e-04	 2.081229e-04	 4.135434e-03	 6.784601e-05	 4.809554e-03	-2.324229e-04	-1.985530e-03	 5.252907e-02	 9.012991e-03	-1.962056e-03	 6.058810e-03	 9.260522e-03	 3.495154e-03	-1.315440e-04	-2.696533e-03	-4.420435e-03	 6.712180e-06	-6.673484e-05	 1.090088e-04	-1.551153e-04	-2.212293e-05	 8.715546e-05	 2.655829e-07	-7.200203e-07	 1.477765e-05	 1.107026e-03	 1.579869e-04	-3.857522e-02	
 7.705485e-07	 1.025071e-05	 5.236985e-05	 8.982625e-05	 3.403314e-05	 7.305520e-04	 2.614108e-05	-3.499598e-04	-2.060431e-05	-4.962667e-04	 1.458461e-02	 3.817006e-03	 2.355822e-03	 6.441645e-03	 7.008460e-05	 3.622331e-04	-9.148240e-04	-1.290475e-03	-8.284499e-04	-8.689945e-06	-9.699636e-06	 2.043141e-05	-2.419736e-05	-1.935442e-05	-5.514337e-05	 3.345596e-08	-1.245000e-07	 4.811978e-06	 1.579869e-04	 5.430960e-05	-7.410654e-03	
-1.784371e-04	-3.099070e-03	-1.257499e-02	-5.556816e-03	-6.833000e-03	-1.985054e-01	 1.130169e-03	-7.582216e-01	 5.047518e-02	 3.209702e-05	-3.342252e+00	-7.529042e-01	 4.985251e-01	 3.976738e-01	-6.154366e-01	-2.302985e-01	-7.587720e-02	-7.682410e-02	 2.165594e-01	 1.076575e-04	 1.132915e-03	-2.005121e-03	 1.720137e-03	 2.562472e-03	-5.142121e-03	 1.485161e-05	 3.014041e-07	 1.780458e-04	-3.857522e-02	-7.410654e-03	 2.056368e+00	
