#          omega_b,        omega_cdm,                h,     ln10^{10}A_s,              n_s,         tau_reio,         frac_EDE,        log10mass,    three_eos_EDE,  three_ceff2_EDE,        A_cib_217,        xi_sz_cib,             A_sz,     ps_A_100_100,     ps_A_143_143,     ps_A_143_217,     ps_A_217_217,         ksz_norm,     gal545_A_100,     gal545_A_143, gal545_A_143_217,     gal545_A_217,    galf_TE_A_100, galf_TE_A_100_143, galf_TE_A_100_217,    galf_TE_A_143, galf_TE_A_143_217,    galf_TE_A_217,       calib_100T,       calib_217T,         A_planck,                M,           sigma8,             rs_d,          z_decay
 8.208534e-08	 6.614232e-07	 1.815975e-06	 2.611669e-06	 1.881661e-06	 8.183769e-07	 6.570663e-06	 4.715791e-05	-9.525545e-05	-1.956197e-05	-3.275367e-05	 1.353264e-06	 1.910440e-05	-1.900000e-04	-3.671913e-05	-2.007714e-05	-1.080710e-04	-2.310571e-05	-4.790506e-05	 2.105800e-05	 5.493047e-05	 8.571723e-05	 6.678673e-07	-2.483752e-07	-1.616575e-06	-9.447381e-07	-1.393832e-06	-6.204205e-07	-8.116378e-09	 2.241681e-09	-5.995008e-09	 5.382236e-06	 2.286089e-06	-3.824688e-04	 2.050524e-01	
 6.614232e-07	 1.702684e-05	 2.954187e-05	 3.416522e-05	 1.887531e-05	 1.586361e-06	 1.196250e-04	 5.152563e-04	-2.275696e-03	-1.024132e-03	 1.912687e-04	 9.810257e-05	-3.295844e-04	 6.137678e-03	 1.754977e-03	 1.958527e-03	 5.254343e-04	-9.969348e-06	-5.956973e-04	-2.965033e-04	-4.996705e-04	-6.507634e-04	 8.885651e-06	 5.308481e-06	-2.014654e-05	 2.546170e-06	 2.154689e-05	 1.022948e-04	 5.782570e-08	 1.404815e-07	 1.182068e-06	 9.619498e-05	 4.549225e-05	-8.207137e-03	 2.354235e+00	
 1.815975e-06	 2.954187e-05	 9.561816e-05	 8.727357e-05	 6.269312e-05	 1.437130e-05	 3.034346e-04	 6.957293e-04	-3.520524e-03	-1.514830e-03	-2.298587e-03	 1.676066e-04	-5.894774e-04	 2.823902e-03	-2.220139e-03	 2.726845e-03	 3.268843e-03	-1.143733e-03	-1.983398e-03	-8.499775e-04	-1.892804e-03	-4.207228e-04	 2.467461e-05	 1.162420e-05	-7.047742e-05	 1.028183e-06	 1.742333e-05	 1.095326e-04	 7.603066e-08	 2.569739e-07	 4.146437e-06	 2.851630e-04	 9.352806e-05	-1.642736e-02	 2.749491e+00	
 2.611669e-06	 3.416522e-05	 8.727357e-05	 2.159328e-04	 7.673814e-05	 7.171218e-05	 3.256916e-04	 1.657776e-03	-4.414854e-03	-1.542620e-03	-4.474597e-03	 1.553580e-04	-5.005324e-04	 4.681437e-03	 2.007109e-03	 7.626457e-03	 1.065478e-02	-5.826059e-04	-1.384729e-03	 1.051834e-04	-2.138743e-03	-1.005416e-03	 4.339105e-05	-1.866369e-06	-7.219008e-05	 2.844861e-06	 5.745354e-06	-4.632953e-05	-1.851103e-07	-5.831787e-07	 7.674828e-06	 2.637938e-04	 1.571382e-04	-1.836483e-02	 6.973245e+00	
 1.881661e-06	 1.887531e-05	 6.269312e-05	 7.673814e-05	 6.923015e-05	 2.627061e-05	 2.365986e-04	 1.309146e-03	-2.447066e-03	-1.035697e-03	-9.358338e-04	 3.562964e-05	 1.805216e-04	-4.170368e-03	 1.504641e-03	 3.055940e-03	 6.719629e-04	-6.118259e-04	-7.676474e-04	 7.678314e-04	 1.028085e-03	 2.284143e-03	 2.169757e-05	-3.151908e-06	-6.094908e-05	-2.294751e-05	-2.945309e-05	-1.058220e-05	-4.470293e-07	 2.095040e-07	 6.574546e-07	 1.852246e-04	 7.112535e-05	-1.102700e-02	 5.629175e+00	
 8.183769e-07	 1.586361e-06	 1.437130e-05	 7.171218e-05	 2.627061e-05	 3.879018e-05	 5.761544e-05	 6.018474e-04	-3.977602e-04	-2.150218e-05	-2.075399e-03	-6.581054e-05	 1.454393e-04	-1.242086e-03	 3.281293e-04	 9.430553e-04	 1.850813e-03	 1.855034e-04	-7.155423e-05	 8.455513e-04	 4.080981e-04	 6.872682e-04	 9.732620e-06	-7.200137e-06	-1.670858e-05	-4.752597e-06	-2.868477e-05	-1.294013e-04	-2.192933e-07	-3.642268e-07	-2.335586e-06	 3.783362e-05	 3.513618e-05	-1.718214e-03	 2.559849e+00	
 6.570663e-06	 1.196250e-04	 3.034346e-04	 3.256916e-04	 2.365986e-04	 5.761544e-05	 1.255498e-03	 3.554107e-03	-1.082566e-02	-4.111012e-03	 2.341911e-03	 6.412864e-04	-2.300400e-03	 4.771237e-02	 1.700869e-02	 2.156791e-02	 5.560871e-03	-6.671987e-05	-3.607928e-03	 2.019773e-03	-1.705022e-03	-2.252192e-03	 7.584692e-05	 4.693061e-05	-2.465356e-04	 2.094820e-05	 4.242421e-05	 4.478255e-04	-9.767882e-07	 7.478308e-07	 9.282526e-06	 9.353935e-04	 3.807014e-04	-6.280626e-02	 1.497143e+01	
 4.715791e-05	 5.152563e-04	 6.957293e-04	 1.657776e-03	 1.309146e-03	 6.018474e-04	 3.554107e-03	 6.628850e-02	-1.371021e-01	-6.248449e-02	 1.318316e-01	-1.234437e-03	-2.026283e-02	 4.921623e-01	 2.451917e-01	-7.680017e-05	-2.065427e-01	 4.380129e-02	-1.030590e-02	 4.642471e-02	 7.497657e-02	 4.669945e-02	 4.596490e-04	-3.735479e-04	-9.519179e-04	-9.572260e-04	-1.301020e-03	 7.154101e-04	-1.214211e-05	 6.763492e-06	-4.537828e-05	 2.324088e-03	 1.504564e-03	-2.592718e-01	 3.079623e+02	
-9.525545e-05	-2.275696e-03	-3.520524e-03	-4.414854e-03	-2.447066e-03	-3.977602e-04	-1.082566e-02	-1.371021e-01	 5.647790e-01	 2.897967e-01	-1.365429e-01	-4.184166e-03	 6.290511e-02	-8.775505e-01	-2.018895e-01	 9.381560e-03	 2.489680e-01	-2.350323e-02	 1.077680e-01	 8.132310e-02	 5.016019e-02	 7.965309e-02	-1.339854e-03	-3.396653e-04	 2.231179e-03	 6.418316e-04	-1.691653e-03	-1.159530e-02	-2.188906e-05	-2.556698e-05	-5.374560e-05	-1.165798e-02	-5.390594e-03	 1.089849e+00	-6.569267e+02	
-1.956197e-05	-1.024132e-03	-1.514830e-03	-1.542620e-03	-1.035697e-03	-2.150218e-05	-4.111012e-03	-6.248449e-02	 2.897967e-01	 2.014197e-01	-2.422852e-02	-3.939974e-03	 3.733073e-02	-3.941732e-02	-1.586190e-01	-1.555074e-01	-6.980217e-02	 6.396639e-03	 3.913467e-02	 4.952797e-02	 3.240076e-02	 1.811004e-02	-5.297870e-04	-3.674874e-04	 8.479651e-04	-5.987679e-05	-3.390005e-03	-1.056498e-02	-9.632719e-06	-1.502277e-05	-6.152963e-05	-5.081300e-03	-2.212312e-03	 4.702115e-01	-3.191277e+02	
-3.275367e-05	 1.912687e-04	-2.298587e-03	-4.474597e-03	-9.358338e-04	-2.075399e-03	 2.341911e-03	 1.318316e-01	-1.365429e-01	-2.422852e-02	 4.339382e+01	-4.274684e-01	-9.400014e-01	 3.927981e+01	 7.093563e-01	-1.452626e+01	-5.333826e+01	 1.575703e-01	-4.677600e-01	 5.467129e-01	-6.251629e+00	-3.396018e+01	 1.070677e-02	 4.356521e-03	-2.567187e-03	 7.165174e-04	-3.805522e-02	-3.687744e-02	-1.352436e-04	 6.424049e-04	 9.449066e-04	-4.907374e-03	-2.428059e-03	 2.449234e-02	 5.546337e+02	
 1.353264e-06	 9.810257e-05	 1.676066e-04	 1.553580e-04	 3.562964e-05	-6.581054e-05	 6.412864e-04	-1.234437e-03	-4.184166e-03	-3.939974e-03	-4.274684e-01	 8.204252e-02	-9.735544e-02	 4.785347e-03	 1.096104e+00	 1.650090e+00	 6.285757e-01	 6.294851e-02	 5.934890e-03	-1.059256e-02	 1.120190e-01	 2.267577e-01	-2.762457e-05	-1.703506e-04	 3.012202e-04	-4.191612e-04	-1.078287e-04	-2.399300e-03	 4.424304e-06	-4.988935e-06	 1.517891e-05	 5.510165e-04	 2.617511e-04	-4.477105e-02	-5.665437e+00	
 1.910440e-05	-3.295844e-04	-5.894774e-04	-5.005324e-04	 1.805216e-04	 1.454393e-04	-2.300400e-03	-2.026283e-02	 6.290511e-02	 3.733073e-02	-9.400014e-01	-9.735544e-02	 3.991404e+00	-3.107838e+01	-3.495603e+00	 7.093037e+00	 5.575709e+00	-2.761802e+00	-2.062394e-01	 4.704384e-02	 2.538610e+00	 3.267347e+00	 2.267161e-04	-1.234995e-03	-2.396070e-03	-9.893784e-03	 3.871144e-03	 3.321371e-02	 1.300349e-04	 2.629769e-06	-1.116188e-04	-1.970661e-03	-5.998505e-04	 1.331738e-01	-8.117435e+01	
-1.900000e-04	 6.137678e-03	 2.823902e-03	 4.681437e-03	-4.170368e-03	-1.242086e-03	 4.771237e-02	 4.921623e-01	-8.775505e-01	-3.941732e-02	 3.927981e+01	 4.785347e-03	-3.107838e+01	 7.533555e+02	 6.704087e+01	-4.926481e+01	-6.955149e+01	 1.342308e+01	-5.207460e+00	 7.698131e+00	-1.134449e+01	-2.585101e+01	-1.057414e-02	 3.860248e-02	 3.749965e-02	 1.528585e-01	-3.902549e-02	-3.033566e-01	 3.102011e-03	 5.194620e-04	 1.792844e-03	 1.907811e-02	 1.040364e-02	-2.357040e+00	 2.076630e+03	
-3.671913e-05	 1.754977e-03	-2.220139e-03	 2.007109e-03	 1.504641e-03	 3.281293e-04	 1.700869e-02	 2.451917e-01	-2.018895e-01	-1.586190e-01	 7.093563e-01	 1.096104e+00	-3.495603e+00	 6.704087e+01	 6.807948e+01	 4.621522e+01	 1.753425e+01	-5.975394e+00	 3.594843e-01	-1.616732e+00	 4.796396e+00	 7.428451e+00	 7.084305e-03	 1.144764e-02	-2.942524e-02	 6.606458e-03	-1.626094e-02	 3.622735e-02	-5.333776e-05	 2.370004e-04	-2.598007e-05	-3.138942e-03	 4.249215e-03	-5.363620e-01	 1.058503e+03	
-2.007714e-05	 1.958527e-03	 2.726845e-03	 7.626457e-03	 3.055940e-03	 9.430553e-04	 2.156791e-02	-7.680017e-05	 9.381560e-03	-1.555074e-01	-1.452626e+01	 1.650090e+00	 7.093037e+00	-4.926481e+01	 4.621522e+01	 8.735511e+01	 5.649060e+01	-1.254327e+01	-3.677785e-02	-1.045214e+00	 5.552962e+00	 1.145636e+01	 4.817341e-03	 3.476624e-04	-7.141732e-03	-2.562329e-02	 5.165561e-03	 9.884409e-02	 4.161797e-04	-2.672974e-04	 4.620438e-04	 1.007442e-02	 8.523979e-03	-8.238405e-01	 5.487850e+01	
-1.080710e-04	 5.254343e-04	 3.268843e-03	 1.065478e-02	 6.719629e-04	 1.850813e-03	 5.560871e-03	-2.065427e-01	 2.489680e-01	-6.980217e-02	-5.333826e+01	 6.285757e-01	 5.575709e+00	-6.955149e+01	 1.753425e+01	 5.649060e+01	 1.047114e+02	-1.036534e+01	 4.116402e-01	-1.262145e+00	 5.459065e+00	 3.321882e+01	 1.634997e-03	 6.845692e-04	-1.234992e-03	-6.624886e-03	 5.519555e-02	 1.037547e-01	 3.777392e-04	-1.184801e-03	 9.751203e-04	 8.890418e-03	 7.296364e-03	-2.210982e-01	-8.517032e+02	
-2.310571e-05	-9.969348e-06	-1.143733e-03	-5.826059e-04	-6.118259e-04	 1.855034e-04	-6.671987e-05	 4.380129e-02	-2.350323e-02	 6.396639e-03	 1.575703e-01	 6.294851e-02	-2.761802e+00	 1.342308e+01	-5.975394e+00	-1.254327e+01	-1.036534e+01	 6.053289e+00	 4.880538e-02	-4.702682e-02	-2.107246e+00	-2.711195e+00	-6.609215e-03	-1.518259e-03	 4.775789e-03	 3.840520e-03	-7.614504e-03	-5.389920e-02	-1.106925e-04	-3.571041e-05	 9.346164e-06	-3.269853e-03	-3.643934e-04	 6.499983e-02	 1.786418e+02	
-4.790506e-05	-5.956973e-04	-1.983398e-03	-1.384729e-03	-7.676474e-04	-7.155423e-05	-3.607928e-03	-1.030590e-02	 1.077680e-01	 3.913467e-02	-4.677600e-01	 5.934890e-03	-2.062394e-01	-5.207460e+00	 3.594843e-01	-3.677785e-02	 4.116402e-01	 4.880538e-02	 3.380997e+00	 6.717064e-01	 3.635146e-01	 7.705537e-01	-6.134425e-04	-1.639697e-03	 3.299231e-03	 1.176016e-05	-7.143162e-05	-2.224438e-02	 1.366828e-04	-7.243576e-05	-9.756073e-06	-5.337595e-03	-1.347713e-03	 3.419565e-01	-4.544795e+01	
 2.105800e-05	-2.965033e-04	-8.499775e-04	 1.051834e-04	 7.678314e-04	 8.455513e-04	 2.019773e-03	 4.642471e-02	 8.132310e-02	 4.952797e-02	 5.467129e-01	-1.059256e-02	 4.704384e-02	 7.698131e+00	-1.616732e+00	-1.045214e+00	-1.262145e+00	-4.702682e-02	 6.717064e-01	 3.355755e+00	 2.537257e+00	 2.446653e+00	-9.247812e-04	-2.206198e-03	 1.359080e-03	-1.896798e-04	-4.273597e-03	-3.313327e-02	-1.818180e-04	-7.465618e-05	-6.936710e-05	-2.411202e-03	-2.740730e-04	 1.352702e-01	 2.157922e+02	
 5.493047e-05	-4.996705e-04	-1.892804e-03	-2.138743e-03	 1.028085e-03	 4.080981e-04	-1.705022e-03	 7.497657e-02	 5.016019e-02	 3.240076e-02	-6.251629e+00	 1.120190e-01	 2.538610e+00	-1.134449e+01	 4.796396e+00	 5.552962e+00	 5.459065e+00	-2.107246e+00	 3.635146e-01	 2.537257e+00	 1.126185e+01	 2.081273e+01	-2.801279e-03	-3.191642e-03	-8.173412e-03	-1.327051e-02	 1.671649e-05	 3.081326e-02	-8.025694e-05	 5.391479e-04	-4.418786e-04	-5.327162e-03	-1.887418e-03	 2.322073e-01	 3.291793e+02	
 8.571723e-05	-6.507634e-04	-4.207228e-04	-1.005416e-03	 2.284143e-03	 6.872682e-04	-2.252192e-03	 4.669945e-02	 7.965309e-02	 1.811004e-02	-3.396018e+01	 2.267577e-01	 3.267347e+00	-2.585101e+01	 7.428451e+00	 1.145636e+01	 3.321882e+01	-2.711195e+00	 7.705537e-01	 2.446653e+00	 2.081273e+01	 5.758421e+01	-1.321499e-02	-9.756501e-03	-1.811125e-02	-1.770269e-02	 1.950047e-02	 1.169310e-01	-7.193678e-05	 1.279627e-03	-1.848595e-04	-1.744798e-03	-1.508254e-03	 2.301976e-01	 2.166777e+02	
 6.678673e-07	 8.885651e-06	 2.467461e-05	 4.339105e-05	 2.169757e-05	 9.732620e-06	 7.584692e-05	 4.596490e-04	-1.339854e-03	-5.297870e-04	 1.070677e-02	-2.762457e-05	 2.267161e-04	-1.057414e-02	 7.084305e-03	 4.817341e-03	 1.634997e-03	-6.609215e-03	-6.134425e-04	-9.247812e-04	-2.801279e-03	-1.321499e-02	 1.446532e-03	 2.676931e-04	 2.442502e-04	-2.988127e-04	-1.488318e-04	-4.575540e-04	 2.501268e-07	-1.271804e-07	 6.350656e-06	 7.006603e-05	 3.302007e-05	-4.846046e-03	 2.117042e+00	
-2.483752e-07	 5.308481e-06	 1.162420e-05	-1.866369e-06	-3.151908e-06	-7.200137e-06	 4.693061e-05	-3.735479e-04	-3.396653e-04	-3.674874e-04	 4.356521e-03	-1.703506e-04	-1.234995e-03	 3.860248e-02	 1.144764e-02	 3.476624e-04	 6.845692e-04	-1.518259e-03	-1.639697e-03	-2.206198e-03	-3.191642e-03	-9.756501e-03	 2.676931e-04	 9.423897e-04	 1.564444e-04	 8.798723e-04	 1.310997e-04	-4.450037e-04	 4.995711e-07	-1.116566e-07	 1.764045e-06	 3.428914e-05	 1.128827e-05	-2.403320e-03	-1.457876e+00	
-1.616575e-06	-2.014654e-05	-7.047742e-05	-7.219008e-05	-6.094908e-05	-1.670858e-05	-2.465356e-04	-9.519179e-04	 2.231179e-03	 8.479651e-04	-2.567187e-03	 3.012202e-04	-2.396070e-03	 3.749965e-02	-2.942524e-02	-7.141732e-03	-1.234992e-03	 4.775789e-03	 3.299231e-03	 1.359080e-03	-8.173412e-03	-1.811125e-02	 2.442502e-04	 1.564444e-04	 7.515352e-03	-2.488780e-04	 4.957337e-04	 3.380486e-03	-1.456247e-06	-1.277506e-06	-4.965066e-06	-2.075735e-04	-6.718552e-05	 1.153270e-02	-3.656853e+00	
-9.447381e-07	 2.546170e-06	 1.028183e-06	 2.844861e-06	-2.294751e-05	-4.752597e-06	 2.094820e-05	-9.572260e-04	 6.418316e-04	-5.987679e-05	 7.165174e-04	-4.191612e-04	-9.893784e-03	 1.528585e-01	 6.606458e-03	-2.562329e-02	-6.624886e-03	 3.840520e-03	 1.176016e-05	-1.896798e-04	-1.327051e-02	-1.770269e-02	-2.988127e-04	 8.798723e-04	-2.488780e-04	 3.142184e-03	 5.829269e-04	-7.222647e-04	 1.549344e-06	 1.470158e-07	 1.349735e-06	 6.398294e-06	 1.194065e-05	-4.813301e-04	-3.305823e+00	
-1.393832e-06	 2.154689e-05	 1.742333e-05	 5.745354e-06	-2.945309e-05	-2.868477e-05	 4.242421e-05	-1.301020e-03	-1.691653e-03	-3.390005e-03	-3.805522e-02	-1.078287e-04	 3.871144e-03	-3.902549e-02	-1.626094e-02	 5.165561e-03	 5.519555e-02	-7.614504e-03	-7.143162e-05	-4.273597e-03	 1.671649e-05	 1.950047e-02	-1.488318e-04	 1.310997e-04	 4.957337e-04	 5.829269e-04	 6.799926e-03	 8.354268e-03	 2.255192e-06	-5.043671e-07	 5.512097e-06	 7.128115e-05	 4.775555e-05	-7.795423e-03	-4.277647e+00	
-6.204205e-07	 1.022948e-04	 1.095326e-04	-4.632953e-05	-1.058220e-05	-1.294013e-04	 4.478255e-04	 7.154101e-04	-1.159530e-02	-1.056498e-02	-3.687744e-02	-2.399300e-03	 3.321371e-02	-3.033566e-01	 3.622735e-02	 9.884409e-02	 1.037547e-01	-5.389920e-02	-2.224438e-02	-3.313327e-02	 3.081326e-02	 1.169310e-01	-4.575540e-04	-4.450037e-04	 3.380486e-03	-7.222647e-04	 8.354268e-03	 7.149931e-02	 3.899434e-06	 7.076168e-06	 4.525362e-06	 3.927850e-04	 1.634140e-04	-4.296104e-02	 7.629251e+00	
-8.116378e-09	 5.782570e-08	 7.603066e-08	-1.851103e-07	-4.470293e-07	-2.192933e-07	-9.767882e-07	-1.214211e-05	-2.188906e-05	-9.632719e-06	-1.352436e-04	 4.424304e-06	 1.300349e-04	 3.102011e-03	-5.333776e-05	 4.161797e-04	 3.777392e-04	-1.106925e-04	 1.366828e-04	-1.818180e-04	-8.025694e-05	-7.193678e-05	 2.501268e-07	 4.995711e-07	-1.456247e-06	 1.549344e-06	 2.255192e-06	 3.899434e-06	 3.613613e-07	-8.033575e-10	-3.908107e-08	 4.272364e-07	-6.856974e-08	-2.069208e-05	-5.508781e-02	
 2.241681e-09	 1.404815e-07	 2.569739e-07	-5.831787e-07	 2.095040e-07	-3.642268e-07	 7.478308e-07	 6.763492e-06	-2.556698e-05	-1.502277e-05	 6.424049e-04	-4.988935e-06	 2.629769e-06	 5.194620e-04	 2.370004e-04	-2.672974e-04	-1.184801e-03	-3.571041e-05	-7.243576e-05	-7.465618e-05	 5.391479e-04	 1.279627e-03	-1.271804e-07	-1.116566e-07	-1.277506e-06	 1.470158e-07	-5.043671e-07	 7.076168e-06	-8.033575e-10	 4.226989e-07	 2.567838e-08	 9.054490e-07	-8.905811e-08	-6.427472e-05	 2.778368e-02	
-5.995008e-09	 1.182068e-06	 4.146437e-06	 7.674828e-06	 6.574546e-07	-2.335586e-06	 9.282526e-06	-4.537828e-05	-5.374560e-05	-6.152963e-05	 9.449066e-04	 1.517891e-05	-1.116188e-04	 1.792844e-03	-2.598007e-05	 4.620438e-04	 9.751203e-04	 9.346164e-06	-9.756073e-06	-6.936710e-05	-4.418786e-04	-1.848595e-04	 6.350656e-06	 1.764045e-06	-4.965066e-06	 1.349735e-06	 5.512097e-06	 4.525362e-06	-3.908107e-08	 2.567838e-08	 5.154459e-06	 1.214399e-05	 5.215072e-06	-5.959950e-04	-2.469039e-01	
 5.382236e-06	 9.619498e-05	 2.851630e-04	 2.637938e-04	 1.852246e-04	 3.783362e-05	 9.353935e-04	 2.324088e-03	-1.165798e-02	-5.081300e-03	-4.907374e-03	 5.510165e-04	-1.970661e-03	 1.907811e-02	-3.138942e-03	 1.007442e-02	 8.890418e-03	-3.269853e-03	-5.337595e-03	-2.411202e-03	-5.327162e-03	-1.744798e-03	 7.006603e-05	 3.428914e-05	-2.075735e-04	 6.398294e-06	 7.128115e-05	 3.927850e-04	 4.272364e-07	 9.054490e-07	 1.214399e-05	 8.754193e-04	 2.948372e-04	-5.212090e-02	 9.449146e+00	
 2.286089e-06	 4.549225e-05	 9.352806e-05	 1.571382e-04	 7.112535e-05	 3.513618e-05	 3.807014e-04	 1.504564e-03	-5.390594e-03	-2.212312e-03	-2.428059e-03	 2.617511e-04	-5.998505e-04	 1.040364e-02	 4.249215e-03	 8.523979e-03	 7.296364e-03	-3.643934e-04	-1.347713e-03	-2.740730e-04	-1.887418e-03	-1.508254e-03	 3.302007e-05	 1.128827e-05	-6.718552e-05	 1.194065e-05	 4.775555e-05	 1.634140e-04	-6.856974e-08	-8.905811e-08	 5.215072e-06	 2.948372e-04	 1.544680e-04	-2.280708e-02	 6.548925e+00	
-3.824688e-04	-8.207137e-03	-1.642736e-02	-1.836483e-02	-1.102700e-02	-1.718214e-03	-6.280626e-02	-2.592718e-01	 1.089849e+00	 4.702115e-01	 2.449234e-02	-4.477105e-02	 1.331738e-01	-2.357040e+00	-5.363620e-01	-8.238405e-01	-2.210982e-01	 6.499983e-02	 3.419565e-01	 1.352702e-01	 2.322073e-01	 2.301976e-01	-4.846046e-03	-2.403320e-03	 1.153270e-02	-4.813301e-04	-7.795423e-03	-4.296104e-02	-2.069208e-05	-6.427472e-05	-5.959950e-04	-5.212090e-02	-2.280708e-02	 4.086830e+00	-1.162147e+03	
 2.050524e-01	 2.354235e+00	 2.749491e+00	 6.973245e+00	 5.629175e+00	 2.559849e+00	 1.497143e+01	 3.079623e+02	-6.569267e+02	-3.191277e+02	 5.546337e+02	-5.665437e+00	-8.117435e+01	 2.076630e+03	 1.058503e+03	 5.487850e+01	-8.517032e+02	 1.786418e+02	-4.544795e+01	 2.157922e+02	 3.291793e+02	 2.166777e+02	 2.117042e+00	-1.457876e+00	-3.656853e+00	-3.305823e+00	-4.277647e+00	 7.629251e+00	-5.508781e-02	 2.778368e-02	-2.469039e-01	 9.449146e+00	 6.548925e+00	-1.162147e+03	 1.465700e+06	
