#          omega_b,        omega_cdm,                h,     ln10^{10}A_s,              n_s,         frac_EDE,        log10mass,         tau_reio,        A_cib_217,        xi_sz_cib,             A_sz,     ps_A_100_100,     ps_A_143_143,     ps_A_143_217,     ps_A_217_217,         ksz_norm,     gal545_A_100,     gal545_A_143, gal545_A_143_217,     gal545_A_217,    galf_TE_A_100, galf_TE_A_100_143, galf_TE_A_100_217,    galf_TE_A_143, galf_TE_A_143_217,    galf_TE_A_217,       calib_100T,       calib_217T,         A_planck,                M,           sigma8,             rs_d,          z_decay
 1.978529e-08	 1.062103e-08	 4.680158e-07	 1.320657e-06	 3.575066e-07	 3.428856e-07	 3.687470e-05	 4.454938e-07	-1.002141e-05	 4.410510e-06	-2.848273e-05	 1.106483e-04	-5.734729e-06	 4.532740e-05	 4.963865e-05	-7.690273e-05	 6.759349e-06	 1.729269e-05	-8.851174e-06	-1.564704e-05	 4.347544e-07	-2.708876e-08	 1.396030e-06	-1.179902e-06	-1.364396e-06	-4.643447e-06	 8.566550e-10	 1.008498e-08	 1.200601e-07	 1.388661e-06	 5.109413e-07	-3.778171e-05	 5.642094e-01	
 1.062103e-08	 1.357536e-06	 2.763344e-06	 4.672667e-06	 2.591287e-06	 8.147270e-06	 7.525350e-05	 1.262080e-07	-2.412823e-04	-3.293228e-05	-1.973606e-05	-4.314994e-03	-1.392685e-03	-1.096813e-03	-1.216779e-04	 4.523833e-04	-1.519510e-04	-9.206065e-05	-4.860827e-04	-5.373118e-04	-2.763421e-06	-1.581243e-06	 1.211215e-05	 2.221324e-06	 6.967454e-08	 2.775290e-05	-6.778379e-08	-7.525888e-08	-3.574802e-09	 8.220213e-06	 4.590035e-06	-6.746175e-04	 5.514626e-01	
 4.680158e-07	 2.763344e-06	 2.676267e-05	 3.266185e-05	 2.106326e-05	 3.517569e-05	 8.655005e-04	 6.015773e-06	-3.764428e-03	 7.090771e-05	-1.543029e-03	-8.364649e-03	-2.272276e-03	-9.897547e-04	 5.484867e-03	-7.374178e-04	 7.717579e-04	 3.123464e-04	-1.905945e-03	-5.621807e-04	 9.317848e-06	-1.002639e-05	 7.610370e-05	-4.802865e-05	-8.596830e-06	-6.079967e-05	-3.362713e-07	 1.975887e-08	 3.282906e-06	 7.590982e-05	 1.608732e-05	-2.580598e-03	 1.036056e+01	
 1.320657e-06	 4.672667e-06	 3.266185e-05	 2.107992e-04	 2.736494e-05	 4.117014e-05	 3.188604e-03	 8.241860e-05	-5.191517e-03	 5.165598e-04	-2.341110e-03	 8.147124e-03	-3.731397e-03	 4.766563e-03	 5.850438e-03	-3.366187e-03	-1.370609e-03	 1.997994e-04	-2.756889e-03	-1.890032e-03	 3.577682e-05	 2.579220e-05	 9.574864e-05	-8.736985e-05	-1.409781e-04	 2.365227e-05	 1.125189e-07	 5.948099e-07	 1.104468e-05	 1.024424e-04	 9.214104e-05	-4.255501e-03	 4.903859e+01	
 3.575066e-07	 2.591287e-06	 2.106326e-05	 2.736494e-05	 2.014860e-05	 2.969545e-05	 7.983329e-04	 5.285804e-06	-4.334553e-03	 9.070801e-05	-1.548780e-03	-5.239598e-03	-2.740117e-03	 1.806846e-04	 6.136839e-03	-8.492043e-04	 8.165913e-04	 2.356092e-04	-2.475960e-03	-1.314186e-03	 6.865978e-06	-1.024599e-05	 6.030102e-05	-3.645124e-05	-4.825980e-06	-5.472006e-05	-2.532561e-07	-1.031454e-08	 2.686497e-06	 5.817306e-05	 1.525515e-05	-2.203186e-03	 1.169494e+01	
 3.428856e-07	 8.147270e-06	 3.517569e-05	 4.117014e-05	 2.969545e-05	 6.758643e-05	 9.977894e-04	 2.565301e-06	-6.224085e-03	-1.279350e-04	-1.548590e-03	-2.556833e-02	-8.216721e-03	-6.566923e-03	 6.627851e-03	 1.739809e-03	 3.713384e-04	-3.091138e-04	-3.835185e-03	-1.399379e-03	-5.036934e-06	-1.646195e-05	 1.058155e-04	-2.996760e-05	 5.422228e-06	 3.991928e-05	-5.956347e-07	-3.437303e-07	 2.754028e-06	 1.005222e-04	 2.995978e-05	-5.076499e-03	 1.013251e+01	
 3.687470e-05	 7.525350e-05	 8.655005e-04	 3.188604e-03	 7.983329e-04	 9.977894e-04	 2.422434e-01	 8.412707e-04	 7.263565e-02	-2.999262e-03	-1.402853e-01	 1.860560e+00	 4.151563e-01	 4.052729e-02	 1.350491e-01	-5.479879e-02	 5.967345e-03	 1.665654e-03	-7.545781e-02	 5.482363e-02	 8.817307e-04	 1.267712e-03	 2.780872e-03	-2.008889e-04	-5.719562e-03	-3.209895e-03	 3.188627e-06	 4.208474e-05	 5.277436e-04	 2.715682e-03	 1.416233e-03	-9.926658e-02	 4.542167e+03	
 4.454938e-07	 1.262080e-07	 6.015773e-06	 8.241860e-05	 5.285804e-06	 2.565301e-06	 8.412707e-04	 4.121440e-05	-1.624517e-03	 3.294667e-04	-7.211254e-04	 7.472460e-03	 1.736120e-03	 4.893497e-03	-4.778053e-04	-1.638861e-03	-7.109351e-04	 1.997792e-04	 1.125266e-04	-3.196789e-04	 1.004355e-05	 1.341925e-05	 5.129254e-06	-4.626008e-05	-6.125337e-05	 2.507368e-05	 1.396409e-07	 3.136497e-07	-8.397182e-07	 2.157867e-05	 3.332244e-05	-6.229960e-04	 1.515994e+01	
-1.002141e-05	-2.412823e-04	-3.764428e-03	-5.191517e-03	-4.334553e-03	-6.224085e-03	 7.263565e-02	-1.624517e-03	 4.053974e+01	-4.781129e-01	-9.253755e-01	 3.268246e+01	-5.675289e-01	-1.432603e+01	-4.949835e+01	-1.024899e+00	-1.419116e-01	 1.108882e+00	-5.931226e+00	-3.021183e+01	 3.700832e-04	 2.129256e-03	 1.507273e-02	 1.068008e-02	-3.056988e-02	-2.292366e-02	-4.917607e-04	 4.915349e-04	 3.312163e-04	-8.994408e-03	-1.751614e-03	 3.106005e-01	 2.102030e+03	
 4.410510e-06	-3.293228e-05	 7.090771e-05	 5.165598e-04	 9.070801e-05	-1.279350e-04	-2.999262e-03	 3.294667e-04	-4.781129e-01	 8.021686e-02	 4.172643e-02	-1.285928e+00	 8.096976e-01	 1.958093e+00	 6.812702e-01	 6.144033e-02	-5.459287e-02	 1.857526e-02	 1.963752e-01	 2.234732e-01	-4.694395e-04	 2.283563e-04	-4.797069e-05	 3.063965e-04	-1.446713e-04	-4.924839e-04	 1.563641e-05	-1.132822e-05	-4.531804e-05	 2.061569e-04	 1.487681e-04	 8.503041e-03	-2.249426e+02	
-2.848273e-05	-1.973606e-05	-1.543029e-03	-2.341110e-03	-1.548780e-03	-1.548590e-03	-1.402853e-01	-7.211254e-04	-9.253755e-01	 4.172643e-02	 3.215948e+00	-3.085822e+01	-5.908261e+00	 3.221106e+00	 5.797891e-01	 1.652232e-01	-2.219257e-01	-4.335189e-02	 2.174086e+00	 2.627337e+00	-5.346149e-03	-5.869522e-03	-1.135288e-02	 1.169657e-03	 2.827073e-03	 5.989853e-03	 1.044281e-04	 4.561299e-07	-9.934064e-05	-3.897706e-03	-9.623807e-04	 9.567796e-02	-3.181067e+03	
 1.106483e-04	-4.314994e-03	-8.364649e-03	 8.147124e-03	-5.239598e-03	-2.556833e-02	 1.860560e+00	 7.472460e-03	 3.268246e+01	-1.285928e+00	-3.085822e+01	 9.145168e+02	 1.442941e+02	 9.586397e+00	 1.200010e+01	-3.005599e+01	-4.523398e+00	 8.266399e+00	-7.430849e+00	-1.100926e+01	 5.448153e-02	 1.344119e-02	-2.234232e-01	-5.745328e-02	 1.233234e-01	 7.551239e-01	 3.873788e-03	 3.247874e-05	 3.636462e-03	-2.577858e-02	-3.659951e-03	 1.975332e+00	 5.088430e+04	
-5.734729e-06	-1.392685e-03	-2.272276e-03	-3.731397e-03	-2.740117e-03	-8.216721e-03	 4.151563e-01	 1.736120e-03	-5.675289e-01	 8.096976e-01	-5.908261e+00	 1.442941e+02	 8.462413e+01	 5.507618e+01	 3.228984e+01	-1.352081e+01	-1.154996e+00	-2.248054e-01	 3.931972e+00	 5.821404e+00	 8.737659e-04	-1.034374e-02	-6.762981e-02	-2.075167e-02	-4.433938e-02	 7.785761e-02	 3.935355e-04	 8.625413e-06	-1.920587e-03	-4.466500e-03	-3.767162e-03	 6.851893e-01	 1.002436e+04	
 4.532740e-05	-1.096813e-03	-9.897547e-04	 4.766563e-03	 1.806846e-04	-6.566923e-03	 4.052729e-02	 4.893497e-03	-1.432603e+01	 1.958093e+00	 3.221106e+00	 9.586397e+00	 5.507618e+01	 8.873335e+01	 5.130711e+01	-1.037517e+01	-1.725760e+00	-1.928218e-01	 4.558249e+00	 7.025560e+00	-1.012070e-02	-1.281146e-02	-7.284329e-02	-7.821910e-03	-1.883327e-02	-1.625692e-03	 9.483819e-04	-3.301382e-04	-1.451928e-03	-2.344823e-04	 5.264643e-04	 4.884439e-01	-4.528197e+02	
 4.963865e-05	-1.216779e-04	 5.484867e-03	 5.850438e-03	 6.136839e-03	 6.627851e-03	 1.350491e-01	-4.778053e-04	-4.949835e+01	 6.812702e-01	 5.797891e-01	 1.200010e+01	 3.228984e+01	 5.130711e+01	 9.700709e+01	-9.971221e+00	 2.577552e-01	-1.678677e+00	 3.936178e+00	 2.891034e+01	 2.521926e-04	-1.657362e-02	-5.076384e-02	-2.726917e-02	 3.554006e-02	 1.115615e-02	 1.132189e-03	-8.339964e-04	 1.548164e-03	 1.493438e-02	 1.291007e-03	-2.732418e-01	 3.318406e+03	
-7.690273e-05	 4.523833e-04	-7.374178e-04	-3.366187e-03	-8.492043e-04	 1.739809e-03	-5.479879e-02	-1.638861e-03	-1.024899e+00	 6.144033e-02	 1.652232e-01	-3.005599e+01	-1.352081e+01	-1.037517e+01	-9.971221e+00	 7.021749e+00	-1.657335e-01	-7.085577e-01	-1.001292e+00	-7.983416e-01	-4.603151e-03	 9.052165e-03	 1.266229e-02	 1.572485e-02	 8.051774e-03	 2.634193e-02	-2.393496e-04	-8.075436e-05	 1.850777e-04	-2.367179e-03	-3.951239e-04	-9.910937e-02	-1.354384e+03	
 6.759349e-06	-1.519510e-04	 7.717579e-04	-1.370609e-03	 8.165913e-04	 3.713384e-04	 5.967345e-03	-7.109351e-04	-1.419116e-01	-5.459287e-02	-2.219257e-01	-4.523398e+00	-1.154996e+00	-1.725760e+00	 2.577552e-01	-1.657335e-01	 3.108085e+00	 7.178294e-01	 2.437882e-01	 4.244321e-01	-3.781391e-03	-9.341349e-04	-1.207183e-05	-5.039226e-03	 5.515287e-04	-2.772137e-02	 1.277567e-04	-1.204957e-06	 2.732672e-04	 2.012672e-03	-9.878954e-04	 1.801096e-02	 3.540623e+02	
 1.729269e-05	-9.206065e-05	 3.123464e-04	 1.997994e-04	 2.356092e-04	-3.091138e-04	 1.665654e-03	 1.997792e-04	 1.108882e+00	 1.857526e-02	-4.335189e-02	 8.266399e+00	-2.248054e-01	-1.928218e-01	-1.678677e+00	-7.085577e-01	 7.178294e-01	 3.153340e+00	 2.715949e+00	 2.465963e+00	-3.387096e-04	 3.649009e-04	 4.668515e-03	-2.604771e-04	 5.090450e-04	 8.629839e-04	-1.404731e-04	-4.751668e-05	 1.579738e-04	 1.408029e-03	-1.042919e-04	 1.653310e-02	-5.778806e+02	
-8.851174e-06	-4.860827e-04	-1.905945e-03	-2.756889e-03	-2.475960e-03	-3.835185e-03	-7.545781e-02	 1.125266e-04	-5.931226e+00	 1.963752e-01	 2.174086e+00	-7.430849e+00	 3.931972e+00	 4.558249e+00	 3.936178e+00	-1.001292e+00	 2.437882e-01	 2.715949e+00	 1.047960e+01	 1.839880e+01	-8.814109e-03	-1.065486e-02	-2.117495e-02	-8.882182e-03	-9.281850e-03	 6.442645e-02	-4.519691e-06	 4.159381e-04	-4.575715e-04	-4.518915e-03	-2.313576e-03	 2.815287e-01	-2.796172e+03	
-1.564704e-05	-5.373118e-04	-5.621807e-04	-1.890032e-03	-1.314186e-03	-1.399379e-03	 5.482363e-02	-3.196789e-04	-3.021183e+01	 2.234732e-01	 2.627337e+00	-1.100926e+01	 5.821404e+00	 7.025560e+00	 2.891034e+01	-7.983416e-01	 4.244321e-01	 2.465963e+00	 1.839880e+01	 4.941108e+01	-5.890741e-03	-1.336624e-02	-5.386286e-02	-2.008644e-02	-6.685603e-03	 1.165752e-01	 2.218850e-04	 1.135358e-03	 2.937141e-04	-1.377744e-03	-2.701545e-03	 2.087495e-01	-1.348291e+02	
 4.347544e-07	-2.763421e-06	 9.317848e-06	 3.577682e-05	 6.865978e-06	-5.036934e-06	 8.817307e-04	 1.004355e-05	 3.700832e-04	-4.694395e-04	-5.346149e-03	 5.448153e-02	 8.737659e-04	-1.012070e-02	 2.521926e-04	-4.603151e-03	-3.781391e-03	-3.387096e-04	-8.814109e-03	-5.890741e-03	 1.465126e-03	 2.451876e-04	 1.287703e-04	-4.962639e-04	-1.706621e-04	-8.079276e-04	-3.290063e-07	 1.880620e-06	 8.104184e-06	 3.784417e-05	 7.244499e-06	 4.300987e-04	 1.601269e+01	
-2.708876e-08	-1.581243e-06	-1.002639e-05	 2.579220e-05	-1.024599e-05	-1.646195e-05	 1.267712e-03	 1.341925e-05	 2.129256e-03	 2.283563e-04	-5.869522e-03	 1.344119e-02	-1.034374e-02	-1.281146e-02	-1.657362e-02	 9.052165e-03	-9.341349e-04	 3.649009e-04	-1.065486e-02	-1.336624e-02	 2.451876e-04	 8.939980e-04	 2.539956e-04	 7.195731e-04	 3.901883e-05	-9.280950e-04	 7.004181e-07	-9.041428e-07	 2.325475e-06	-1.674561e-05	 8.533379e-06	 1.075091e-03	 3.709084e+01	
 1.396030e-06	 1.211215e-05	 7.610370e-05	 9.574864e-05	 6.030102e-05	 1.058155e-04	 2.780872e-03	 5.129254e-06	 1.507273e-02	-4.797069e-05	-1.135288e-02	-2.234232e-01	-6.762981e-02	-7.284329e-02	-5.076384e-02	 1.266229e-02	-1.207183e-05	 4.668515e-03	-2.117495e-02	-5.386286e-02	 1.287703e-04	 2.539956e-04	 6.943549e-03	 9.089415e-05	 5.265267e-04	 4.152522e-03	-4.069132e-06	 3.729886e-07	 7.017717e-06	 1.976336e-04	 6.003720e-05	-8.765206e-03	 7.756027e+00	
-1.179902e-06	 2.221324e-06	-4.802865e-05	-8.736985e-05	-3.645124e-05	-2.996760e-05	-2.008889e-04	-4.626008e-05	 1.068008e-02	 3.063965e-04	 1.169657e-03	-5.745328e-02	-2.075167e-02	-7.821910e-03	-2.726917e-02	 1.572485e-02	-5.039226e-03	-2.604771e-04	-8.882182e-03	-2.008644e-02	-4.962639e-04	 7.195731e-04	 9.089415e-05	 2.827606e-03	 4.662383e-04	-1.700343e-04	-7.887817e-07	-2.179868e-06	 4.374629e-06	-1.096499e-04	-2.603945e-05	 1.855879e-03	-5.835756e+00	
-1.364396e-06	 6.967454e-08	-8.596830e-06	-1.409781e-04	-4.825980e-06	 5.422228e-06	-5.719562e-03	-6.125337e-05	-3.056988e-02	-1.446713e-04	 2.827073e-03	 1.233234e-01	-4.433938e-02	-1.883327e-02	 3.554006e-02	 8.051774e-03	 5.515287e-04	 5.090450e-04	-9.281850e-03	-6.685603e-03	-1.706621e-04	 3.901883e-05	 5.265267e-04	 4.662383e-04	 5.978860e-03	 7.259358e-03	-1.979650e-06	-4.992555e-06	-7.247089e-06	-8.632280e-06	-5.942798e-05	 1.269453e-03	-1.393658e+02	
-4.643447e-06	 2.775290e-05	-6.079967e-05	 2.365227e-05	-5.472006e-05	 3.991928e-05	-3.209895e-03	 2.507368e-05	-2.292366e-02	-4.924839e-04	 5.989853e-03	 7.551239e-01	 7.785761e-02	-1.625692e-03	 1.115615e-02	 2.634193e-02	-2.772137e-02	 8.629839e-04	 6.442645e-02	 1.165752e-01	-8.079276e-04	-9.280950e-04	 4.152522e-03	-1.700343e-04	 7.259358e-03	 6.948257e-02	-1.026117e-06	-2.807506e-06	-4.214894e-05	-1.516722e-04	 9.809062e-05	-3.645461e-03	-1.050643e+02	
 8.566550e-10	-6.778379e-08	-3.362713e-07	 1.125189e-07	-2.532561e-07	-5.956347e-07	 3.188627e-06	 1.396409e-07	-4.917607e-04	 1.563641e-05	 1.044281e-04	 3.873788e-03	 3.935355e-04	 9.483819e-04	 1.132189e-03	-2.393496e-04	 1.277567e-04	-1.404731e-04	-4.519691e-06	 2.218850e-04	-3.290063e-07	 7.004181e-07	-4.069132e-06	-7.887817e-07	-1.979650e-06	-1.026117e-06	 3.302362e-07	-1.083883e-08	-3.805204e-08	-1.066675e-06	-8.313947e-08	 3.947005e-05	 2.147026e-01	
 1.008498e-08	-7.525888e-08	 1.975887e-08	 5.948099e-07	-1.031454e-08	-3.437303e-07	 4.208474e-05	 3.136497e-07	 4.915349e-04	-1.132822e-05	 4.561299e-07	 3.247874e-05	 8.625413e-06	-3.301382e-04	-8.339964e-04	-8.075436e-05	-1.204957e-06	-4.751668e-05	 4.159381e-04	 1.135358e-03	 1.880620e-06	-9.041428e-07	 3.729886e-07	-2.179868e-06	-4.992555e-06	-2.807506e-06	-1.083883e-08	 3.770537e-07	 1.194665e-07	 2.847104e-07	 8.637175e-08	 2.134882e-05	 7.879577e-01	
 1.200601e-07	-3.574802e-09	 3.282906e-06	 1.104468e-05	 2.686497e-06	 2.754028e-06	 5.277436e-04	-8.397182e-07	 3.312163e-04	-4.531804e-05	-9.934064e-05	 3.636462e-03	-1.920587e-03	-1.451928e-03	 1.548164e-03	 1.850777e-04	 2.732672e-04	 1.579738e-04	-4.575715e-04	 2.937141e-04	 8.104184e-06	 2.325475e-06	 7.017717e-06	 4.374629e-06	-7.247089e-06	-4.214894e-05	-3.805204e-08	 1.194665e-07	 5.944087e-06	 9.237121e-06	 4.059206e-06	-2.414235e-04	 8.397639e+00	
 1.388661e-06	 8.220213e-06	 7.590982e-05	 1.024424e-04	 5.817306e-05	 1.005222e-04	 2.715682e-03	 2.157867e-05	-8.994408e-03	 2.061569e-04	-3.897706e-03	-2.577858e-02	-4.466500e-03	-2.344823e-04	 1.493438e-02	-2.367179e-03	 2.012672e-03	 1.408029e-03	-4.518915e-03	-1.377744e-03	 3.784417e-05	-1.674561e-05	 1.976336e-04	-1.096499e-04	-8.632280e-06	-1.516722e-04	-1.066675e-06	 2.847104e-07	 9.237121e-06	 2.325537e-04	 5.025235e-05	-7.511082e-03	 3.535915e+01	
 5.109413e-07	 4.590035e-06	 1.608732e-05	 9.214104e-05	 1.525515e-05	 2.995978e-05	 1.416233e-03	 3.332244e-05	-1.751614e-03	 1.487681e-04	-9.623807e-04	-3.659951e-03	-3.767162e-03	 5.264643e-04	 1.291007e-03	-3.951239e-04	-9.878954e-04	-1.042919e-04	-2.313576e-03	-2.701545e-03	 7.244499e-06	 8.533379e-06	 6.003720e-05	-2.603945e-05	-5.942798e-05	 9.809062e-05	-8.313947e-08	 8.637175e-08	 4.059206e-06	 5.025235e-05	 4.645260e-05	-2.901207e-03	 2.229324e+01	
-3.778171e-05	-6.746175e-04	-2.580598e-03	-4.255501e-03	-2.203186e-03	-5.076499e-03	-9.926658e-02	-6.229960e-04	 3.106005e-01	 8.503041e-03	 9.567796e-02	 1.975332e+00	 6.851893e-01	 4.884439e-01	-2.732418e-01	-9.910937e-02	 1.801096e-02	 1.653310e-02	 2.815287e-01	 2.087495e-01	 4.300987e-04	 1.075091e-03	-8.765206e-03	 1.855879e-03	 1.269453e-03	-3.645461e-03	 3.947005e-05	 2.134882e-05	-2.414235e-04	-7.511082e-03	-2.901207e-03	 4.107422e-01	-1.154483e+03	
 5.642094e-01	 5.514626e-01	 1.036056e+01	 4.903859e+01	 1.169494e+01	 1.013251e+01	 4.542167e+03	 1.515994e+01	 2.102030e+03	-2.249426e+02	-3.181067e+03	 5.088430e+04	 1.002436e+04	-4.528197e+02	 3.318406e+03	-1.354384e+03	 3.540623e+02	-5.778806e+02	-2.796172e+03	-1.348291e+02	 1.601269e+01	 3.709084e+01	 7.756027e+00	-5.835756e+00	-1.393658e+02	-1.050643e+02	 2.147026e-01	 7.879577e-01	 8.397639e+00	 3.535915e+01	 2.229324e+01	-1.154483e+03	 1.035647e+08	
