#          omega_b,        omega_cdm,                h,     ln10^{10}A_s,              n_s,         tau_reio,         frac_EDE,        log10mass,    three_eos_EDE,  three_ceff2_EDE,          trigger,        A_cib_217,        xi_sz_cib,             A_sz,     ps_A_100_100,     ps_A_143_143,     ps_A_143_217,     ps_A_217_217,         ksz_norm,     gal545_A_100,     gal545_A_143, gal545_A_143_217,     gal545_A_217,    galf_TE_A_100, galf_TE_A_100_143, galf_TE_A_100_217,    galf_TE_A_143, galf_TE_A_143_217,    galf_TE_A_217,       calib_100T,       calib_217T,         A_planck,            b1_hN,            c2_hN,            b1_hS,            c2_hS,            b1_lN,            c2_lN,                M,              YHe,           sigma8,             rs_d,          z_decay
 6.490504e-08	 5.198882e-07	 1.993397e-06	 1.361768e-06	 1.378054e-06	 2.091929e-07	 6.595110e-06	 2.416309e-05	 5.807642e-07	 1.960621e-05	 5.980844e-07	 1.369057e-05	-1.082799e-06	 5.472016e-06	 3.115260e-05	-1.806283e-04	-2.045210e-04	-1.909343e-04	 2.083501e-05	 8.714619e-06	 1.218084e-05	 1.688245e-05	 1.335397e-05	 1.842860e-07	 9.946724e-08	-1.417235e-07	 2.587191e-07	-7.035543e-07	-3.538532e-06	 4.262183e-09	 1.413316e-09	 1.023214e-08	-1.552836e-06	 2.011560e-06	-1.903134e-06	 1.677579e-08	-1.568795e-06	 9.719201e-07	 5.891190e-06	 2.756315e-08	 1.521424e-06	-3.245563e-04	 1.079567e-01	
 5.198882e-07	 1.515990e-05	 3.669509e-05	 1.751750e-05	 2.183462e-05	-3.627099e-06	 1.332845e-04	 2.469497e-04	-5.969307e-04	 1.851061e-04	 7.978518e-06	 8.370308e-04	-2.839271e-05	 2.083974e-05	 4.861810e-03	 3.988647e-05	-1.083220e-03	-1.867085e-03	 4.459688e-04	 1.017151e-04	 2.656170e-04	 4.266328e-04	 1.972846e-04	 4.612371e-06	 2.402595e-06	 1.173287e-06	 9.598057e-06	 3.191875e-06	 2.189269e-07	-8.827937e-09	 4.072585e-08	-5.557871e-07	 7.300990e-06	 2.274619e-04	-1.761109e-05	 9.244997e-05	-1.185557e-05	 4.986094e-05	 1.125031e-04	 2.200953e-07	 3.696054e-05	-7.663376e-03	 6.895213e-01	
 1.993397e-06	 3.669509e-05	 1.349676e-04	 7.527880e-05	 7.947137e-05	 6.434216e-06	 4.063178e-04	 4.936088e-04	-9.416995e-04	 5.207661e-04	 1.630626e-05	 9.949585e-04	-4.235867e-05	 1.987151e-04	 5.054213e-03	-3.842102e-03	-5.205536e-03	-5.589790e-03	 8.651152e-04	 3.650598e-04	 6.374478e-04	 8.362589e-04	 4.096113e-04	 7.816700e-06	 6.542418e-06	-4.707120e-07	 2.648484e-05	-3.679514e-06	-3.988104e-05	-2.882407e-08	 6.736804e-08	-2.984461e-07	-4.231796e-05	 3.449300e-04	-8.733578e-05	 1.224089e-04	-6.685506e-05	 1.208902e-04	 3.975195e-04	 8.445529e-07	 1.020869e-04	-2.086580e-02	 4.394016e-01	
 1.361768e-06	 1.751750e-05	 7.527880e-05	 2.272533e-04	 5.085239e-05	 8.849571e-05	 2.240485e-04	 2.175159e-04	-4.237183e-05	 4.041719e-04	 3.226587e-05	-1.245368e-03	 6.783622e-05	 9.150620e-04	-7.722148e-03	-6.796801e-03	-2.206082e-03	 4.178248e-04	-1.295512e-03	 1.108394e-04	 1.098020e-04	 6.956367e-04	 2.681782e-03	 9.221107e-06	 9.636739e-06	-5.080443e-06	 1.424208e-05	-3.896669e-05	-5.013471e-05	 9.525266e-08	 1.975434e-08	 8.589455e-06	-2.438941e-04	-6.771650e-05	-2.488970e-04	-9.925236e-05	-2.160392e-04	-1.385820e-04	 2.184923e-04	 5.769130e-07	 1.304019e-04	-1.063831e-02	 3.214185e-01	
 1.378054e-06	 2.183462e-05	 7.947137e-05	 5.085239e-05	 6.229752e-05	 7.124902e-06	 2.593296e-04	 5.803871e-04	-3.371304e-04	 2.745466e-04	 3.138349e-05	-1.918241e-03	 2.851978e-05	 4.195966e-04	-1.062372e-02	-5.344487e-03	-2.117541e-03	-3.634739e-04	-6.297518e-04	 5.822099e-04	 2.150106e-04	 1.476785e-04	 9.046231e-04	 7.426999e-06	 6.122784e-06	-1.502907e-06	 2.096406e-05	-5.593562e-06	-2.687579e-05	-1.190558e-07	-1.081613e-08	 1.701183e-07	-2.771470e-05	 2.374700e-04	-5.214887e-05	 1.192188e-04	-4.841015e-05	 3.825297e-05	 2.343902e-04	 5.839111e-07	 6.796185e-05	-1.248424e-02	 2.156887e+00	
 2.091929e-07	-3.627099e-06	 6.434216e-06	 8.849571e-05	 7.124902e-06	 4.923028e-05	-6.626371e-06	-3.879180e-05	 1.999170e-04	 4.127702e-05	-2.470330e-06	-8.780337e-04	 3.509170e-05	 4.934476e-04	-1.055022e-02	-4.204614e-03	-1.208304e-03	-1.016661e-03	-7.304267e-04	 8.894841e-05	 8.396893e-05	 1.546688e-04	 2.843833e-04	 1.343181e-07	 1.294205e-06	-4.517080e-06	-2.740642e-06	-1.946134e-05	-3.388198e-05	-2.880590e-08	 1.512799e-08	-8.729522e-07	-1.122587e-04	-2.062168e-04	-9.360803e-05	-9.714118e-05	-8.390974e-05	-9.864021e-05	 1.387209e-05	 8.978253e-08	 2.923970e-05	 1.009091e-03	-1.636127e-01	
 6.595110e-06	 1.332845e-04	 4.063178e-04	 2.240485e-04	 2.593296e-04	-6.626371e-06	 1.522704e-03	 2.200112e-03	 3.948233e-04	 2.063861e-03	 1.070819e-04	 1.153963e-02	-3.522300e-04	-1.250364e-03	 6.464417e-02	 8.263849e-03	-1.238340e-02	-2.118130e-02	 7.115861e-03	 2.061835e-03	 3.336136e-03	 4.502315e-03	 1.576356e-03	 3.781526e-05	 2.714871e-05	 1.387834e-05	 1.071842e-04	-1.106178e-06	-1.292084e-04	-1.138844e-07	 4.485702e-07	-2.180600e-06	-1.116245e-04	 1.533473e-03	-2.880315e-04	 5.302420e-04	-2.409249e-04	 2.428210e-04	 1.218478e-03	 2.794577e-06	 3.687598e-04	-7.212028e-02	 4.847676e+00	
 2.416309e-05	 2.469497e-04	 4.936088e-04	 2.175159e-04	 5.803871e-04	-3.879180e-05	 2.200112e-03	 5.916694e-02	-4.921304e-02	-1.694378e-02	-1.049636e-03	 9.585155e-02	-2.662555e-03	-1.751376e-02	 4.933443e-01	 1.299388e-01	-3.093299e-02	-9.887557e-02	 4.451944e-02	-3.500929e-03	 7.404035e-03	-1.615264e-03	-3.383097e-02	 1.508992e-04	 5.807905e-05	-4.303054e-04	 1.786197e-04	-4.609574e-04	-1.558914e-03	 3.709148e-07	 8.841880e-07	 1.375984e-05	-5.188588e-04	-9.534015e-04	-2.721468e-04	 1.239478e-03	-6.136661e-04	-1.389212e-03	 1.598532e-03	 1.005374e-05	 4.341689e-04	-1.335504e-01	 3.063894e+02	
 5.807642e-07	-5.969307e-04	-9.416995e-04	-4.237183e-05	-3.371304e-04	 1.999170e-04	 3.948233e-04	-4.921304e-02	 2.143225e-01	 1.491423e-02	 9.097428e-04	 4.558233e-02	 3.228764e-05	-2.509897e-02	 2.055766e-01	 2.043633e-01	 6.473507e-02	 2.488763e-02	 3.866297e-02	 2.846667e-02	 1.036846e-02	 1.473442e-02	 1.309975e-02	-2.404228e-04	-6.350657e-06	 5.172792e-04	 1.129229e-04	 5.636491e-05	 1.173894e-04	 1.326253e-06	 2.486243e-06	 4.848107e-05	-2.233485e-03	-1.023585e-02	-1.147603e-03	-6.855859e-03	-1.371356e-03	-4.529523e-03	-3.045674e-03	 3.070214e-07	-6.559921e-04	 2.730594e-01	-2.473736e+02	
 1.960621e-05	 1.851061e-04	 5.207661e-04	 4.041719e-04	 2.745466e-04	 4.127702e-05	 2.063861e-03	-1.694378e-02	 1.491423e-02	 9.830121e-02	 1.481795e-03	 7.157538e-03	-7.096490e-05	 2.506735e-03	-1.210957e-02	-2.050749e-01	-2.139421e-01	-2.199318e-01	 1.393996e-02	 9.038004e-03	 2.014591e-02	 2.654147e-02	 2.361617e-02	 7.472091e-05	 4.149657e-05	 3.021032e-04	 3.062523e-04	 1.253571e-05	-1.737799e-03	 2.881155e-06	 3.523223e-06	-3.309145e-05	 7.428803e-04	 7.486489e-03	-2.302333e-04	 1.202031e-03	 2.163661e-04	 2.458007e-03	 1.608904e-03	 7.998381e-06	 5.974682e-04	-1.096639e-01	-1.133769e+02	
 5.980844e-07	 7.978518e-06	 1.630626e-05	 3.226587e-05	 3.138349e-05	-2.470330e-06	 1.070819e-04	-1.049636e-03	 9.097428e-04	 1.481795e-03	 4.663910e-04	-3.855447e-03	 1.279989e-04	 8.095350e-04	-4.429918e-03	-1.319139e-02	-5.121181e-03	-9.644736e-04	-1.067225e-03	 8.282214e-04	 1.747499e-04	-1.247129e-04	 1.002527e-03	 9.413747e-06	 9.829434e-07	 3.399140e-05	 1.843588e-05	 1.451822e-05	 4.296013e-05	 2.935583e-07	-1.340656e-07	 2.397156e-06	-2.690351e-05	 2.065913e-04	-3.996274e-05	 1.027282e-04	-2.204045e-05	 6.424142e-05	 5.075687e-05	 2.555406e-07	 4.271853e-05	-4.017654e-03	-1.402974e+00	
 1.369057e-05	 8.370308e-04	 9.949585e-04	-1.245368e-03	-1.918241e-03	-8.780337e-04	 1.153963e-02	 9.585155e-02	 4.558233e-02	 7.157538e-03	-3.855447e-03	 4.487937e+01	-3.776178e-01	-6.996640e-01	 3.651500e+01	 3.319121e+00	-1.166164e+01	-5.455314e+01	-2.941724e-02	 9.656838e-02	 3.582530e-01	-5.783713e+00	-3.346346e+01	-9.625917e-04	-9.038577e-04	 3.042358e-03	-1.189432e-03	-1.130804e-02	-2.525961e-03	-2.156574e-04	 7.161333e-04	 5.177548e-04	-6.945401e-03	-5.047895e-02	 2.387754e-04	 1.035062e-02	-5.435716e-03	-3.672742e-02	 3.815304e-03	 5.924838e-06	 1.797988e-04	-3.703978e-01	 3.255789e+02	
-1.082799e-06	-2.839271e-05	-4.235867e-05	 6.783622e-05	 2.851978e-05	 3.509170e-05	-3.522300e-04	-2.662555e-03	 3.228764e-05	-7.096490e-05	 1.279989e-04	-3.776178e-01	 8.075458e-02	-3.445348e-02	-5.722599e-01	 8.950824e-01	 1.706846e+00	 6.187516e-01	 3.705702e-02	-2.245234e-03	 1.051462e-02	 1.078711e-01	 1.253004e-01	-4.527209e-05	-7.053160e-06	 1.880485e-04	-1.750985e-04	 9.034275e-05	 9.825041e-04	 5.822539e-06	 4.842310e-07	 8.607685e-07	 1.492480e-04	 9.221389e-04	 1.376608e-05	-2.533761e-04	-5.196622e-05	 4.118589e-04	-1.518009e-04	-4.829424e-07	-8.574303e-06	 1.360477e-02	-1.076723e+01	
 5.472016e-06	 2.083974e-05	 1.987151e-04	 9.150620e-04	 4.195966e-04	 4.934476e-04	-1.250364e-03	-1.751376e-02	-2.509897e-02	 2.506735e-03	 8.095350e-04	-6.996640e-01	-3.445348e-02	 3.758462e+00	-2.959603e+01	-3.495256e+00	 7.198267e+00	 4.725655e+00	-2.623802e+00	-2.202829e-01	 1.697368e-01	 2.598672e+00	 3.162406e+00	-4.051474e-04	-2.261863e-04	-6.942149e-04	 3.575155e-05	-6.358929e-04	 7.659479e-04	 1.157481e-04	-4.044855e-05	-6.972801e-05	 8.418408e-04	 7.904156e-03	-3.245315e-04	 6.596269e-04	 1.415395e-03	 6.000361e-03	 5.558444e-04	 2.375846e-06	 5.101170e-04	-2.045655e-02	-6.499276e+01	
 3.115260e-05	 4.861810e-03	 5.054213e-03	-7.722148e-03	-1.062372e-02	-1.055022e-02	 6.464417e-02	 4.933443e-01	 2.055766e-01	-1.210957e-02	-4.429918e-03	 3.651500e+01	-5.722599e-01	-2.959603e+01	 7.761041e+02	 7.383099e+01	-4.916287e+01	-5.601240e+01	 1.326000e+01	-6.466038e+00	 5.619701e+00	-1.147403e+01	-2.418514e+01	 4.323770e-03	-5.870640e-03	 2.316131e-03	-4.908694e-03	 4.899845e-03	 3.119669e-02	 3.563903e-03	 5.674925e-04	 3.941529e-03	-4.104322e-02	-2.047748e-01	-1.482838e-02	 7.006330e-03	-2.215666e-02	-9.939964e-02	 1.763222e-02	 1.182635e-05	 2.385599e-03	-2.113240e+00	 2.025775e+03	
-1.806283e-04	 3.988647e-05	-3.842102e-03	-6.796801e-03	-5.344487e-03	-4.204614e-03	 8.263849e-03	 1.299388e-01	 2.043633e-01	-2.050749e-01	-1.319139e-02	 3.319121e+00	 8.950824e-01	-3.495256e+00	 7.383099e+01	 6.426095e+01	 4.155454e+01	 1.471942e+01	-4.245744e+00	-2.643325e-01	-1.297252e+00	 3.203689e+00	 3.229833e+00	 1.238294e-05	-8.613057e-04	-2.556534e-03	 1.471277e-03	-1.642228e-03	 3.202182e-02	 6.518152e-05	 1.554286e-04	 8.794268e-04	-9.130724e-03	-7.245817e-02	 1.671859e-03	-1.883964e-02	 1.267190e-03	-4.005940e-03	-1.025874e-02	-7.595510e-05	-3.330903e-03	 2.779640e-01	 3.887683e+02	
-2.045210e-04	-1.083220e-03	-5.205536e-03	-2.206082e-03	-2.117541e-03	-1.208304e-03	-1.238340e-02	-3.093299e-02	 6.473507e-02	-2.139421e-01	-5.121181e-03	-1.166164e+01	 1.706846e+00	 7.198267e+00	-4.916287e+01	 4.155454e+01	 8.534366e+01	 5.099823e+01	-1.110733e+01	-6.646350e-01	-6.235321e-01	 4.544524e+00	 6.961774e+00	-1.753705e-04	-5.699871e-04	-1.153265e-03	-8.128885e-04	 2.592065e-03	 3.703587e-02	 4.203455e-04	-3.542882e-04	 2.886185e-04	 2.143649e-04	-2.076486e-02	 3.285301e-03	-2.301499e-02	 5.544007e-03	 2.499322e-02	-1.513873e-02	-8.666814e-05	-2.350222e-03	 7.816937e-01	-1.836726e+02	
-1.909343e-04	-1.867085e-03	-5.589790e-03	 4.178248e-04	-3.634739e-04	-1.016661e-03	-2.118130e-02	-9.887557e-02	 2.488763e-02	-2.199318e-01	-9.644736e-04	-5.455314e+01	 6.187516e-01	 4.725655e+00	-5.601240e+01	 1.471942e+01	 5.099823e+01	 1.017209e+02	-8.689744e+00	-4.973290e-01	-1.016796e+00	 5.186506e+00	 3.300679e+01	 2.350180e-03	 1.234605e-03	-6.682456e-03	 8.304975e-04	 1.378292e-02	 1.303614e-02	 4.170226e-04	-1.372721e-03	 1.211744e-03	 2.166454e-03	 1.460941e-02	 2.343585e-03	-1.938221e-02	 8.376802e-03	 4.601011e-02	-1.721709e-02	-8.067900e-05	-2.102078e-03	 1.085762e+00	-3.526978e+02	
 2.083501e-05	 4.459688e-04	 8.651152e-04	-1.295512e-03	-6.297518e-04	-7.304267e-04	 7.115861e-03	 4.451944e-02	 3.866297e-02	 1.393996e-02	-1.067225e-03	-2.941724e-02	 3.705702e-02	-2.623802e+00	 1.326000e+01	-4.245744e+00	-1.110733e+01	-8.689744e+00	 5.716233e+00	 1.572388e-01	-1.977140e-01	-1.995207e+00	-2.315774e+00	-4.083888e-04	 4.120160e-04	 2.031252e-03	 6.852507e-04	 6.214764e-04	-1.106476e-02	-6.697260e-05	 1.742643e-05	 5.578412e-05	-8.230456e-04	-4.117754e-03	-3.762609e-04	 1.222878e-03	-2.768933e-03	-1.436588e-02	 2.815215e-03	 8.856533e-06	-6.320773e-05	-2.222511e-01	 1.550399e+02	
 8.714619e-06	 1.017151e-04	 3.650598e-04	 1.108394e-04	 5.822099e-04	 8.894841e-05	 2.061835e-03	-3.500929e-03	 2.846667e-02	 9.038004e-03	 8.282214e-04	 9.656838e-02	-2.245234e-03	-2.202829e-01	-6.466038e+00	-2.643325e-01	-6.646350e-01	-4.973290e-01	 1.572388e-01	 3.332539e+00	 5.187274e-01	 1.314654e-01	 1.026765e-01	-1.034985e-03	 3.099450e-05	 1.456882e-03	-5.433965e-04	-1.337514e-03	 2.967947e-03	 1.666146e-04	-1.373004e-06	 9.407273e-07	 5.241929e-04	 9.715326e-03	-8.223866e-04	-2.696591e-03	-3.292921e-04	 4.772731e-03	 1.046929e-03	 3.821885e-06	 4.273207e-04	-5.946565e-02	-1.571802e+01	
 1.218084e-05	 2.656170e-04	 6.374478e-04	 1.098020e-04	 2.150106e-04	 8.396893e-05	 3.336136e-03	 7.404035e-03	 1.036846e-02	 2.014591e-02	 1.747499e-04	 3.582530e-01	 1.051462e-02	 1.697368e-01	 5.619701e+00	-1.297252e+00	-6.235321e-01	-1.016796e+00	-1.977140e-01	 5.187274e-01	 3.194267e+00	 2.800235e+00	 2.968588e+00	-1.647417e-04	-7.179244e-05	-7.429803e-04	-2.810109e-05	-7.358331e-04	 4.753613e-03	-1.838328e-04	-3.638718e-05	 8.622454e-06	 1.031579e-03	 1.379214e-02	-8.539372e-04	-3.327083e-04	 1.038690e-04	 1.091290e-04	 1.894342e-03	 5.121294e-06	 5.234682e-04	-1.376089e-01	 2.253220e+01	
 1.688245e-05	 4.266328e-04	 8.362589e-04	 6.956367e-04	 1.476785e-04	 1.546688e-04	 4.502315e-03	-1.615264e-03	 1.473442e-02	 2.654147e-02	-1.247129e-04	-5.783713e+00	 1.078711e-01	 2.598672e+00	-1.147403e+01	 3.203689e+00	 4.544524e+00	 5.186506e+00	-1.995207e+00	 1.314654e-01	 2.800235e+00	 1.089324e+01	 1.943560e+01	-1.073659e-03	-4.621998e-04	-1.737720e-03	 7.133679e-04	-6.636899e-04	 1.653250e-02	-5.960865e-06	 4.365277e-04	 1.819074e-05	 9.424391e-04	 2.052975e-02	-2.328901e-03	-5.431777e-03	 1.718283e-03	 1.318503e-02	 2.539147e-03	 7.481811e-06	 1.066755e-03	-2.102046e-01	-2.516145e+01	
 1.335397e-05	 1.972846e-04	 4.096113e-04	 2.681782e-03	 9.046231e-04	 2.843833e-04	 1.576356e-03	-3.383097e-02	 1.309975e-02	 2.361617e-02	 1.002527e-03	-3.346346e+01	 1.253004e-01	 3.162406e+00	-2.418514e+01	 3.229833e+00	 6.961774e+00	 3.300679e+01	-2.315774e+00	 1.026765e-01	 2.968588e+00	 1.943560e+01	 5.397537e+01	-1.394793e-03	 5.119089e-04	-2.787066e-03	 3.752716e-03	 4.302432e-03	 2.585406e-02	 8.013541e-05	 9.590833e-04	 7.339904e-04	 2.535542e-03	 4.833159e-02	-6.966981e-03	-2.731802e-02	 3.791519e-03	 4.355898e-02	 9.318844e-04	 6.179168e-06	 1.895104e-03	-1.022455e-01	-1.213886e+02	
 1.842860e-07	 4.612371e-06	 7.816700e-06	 9.221107e-06	 7.426999e-06	 1.343181e-07	 3.781526e-05	 1.508992e-04	-2.404228e-04	 7.472091e-05	 9.413747e-06	-9.625917e-04	-4.527209e-05	-4.051474e-04	 4.323770e-03	 1.238294e-05	-1.753705e-04	 2.350180e-03	-4.083888e-04	-1.034985e-03	-1.647417e-04	-1.073659e-03	-1.394793e-03	 1.480111e-03	 2.888025e-04	 8.705270e-05	-3.905636e-04	-8.141640e-05	-1.566544e-04	 1.281154e-07	-3.821302e-07	 3.734374e-07	 1.739826e-05	 2.026478e-04	-1.374292e-05	 7.389168e-05	-4.974025e-07	 5.646548e-05	 2.211845e-05	 7.878870e-08	 1.305322e-05	-2.218696e-03	 9.363106e-01	
 9.946724e-08	 2.402595e-06	 6.542418e-06	 9.636739e-06	 6.122784e-06	 1.294205e-06	 2.714871e-05	 5.807905e-05	-6.350657e-06	 4.149657e-05	 9.829434e-07	-9.038577e-04	-7.053160e-06	-2.261863e-04	-5.870640e-03	-8.613057e-04	-5.699871e-04	 1.234605e-03	 4.120160e-04	 3.099450e-05	-7.179244e-05	-4.621998e-04	 5.119089e-04	 2.888025e-04	 8.727976e-04	 5.634252e-05	 7.184705e-04	 4.548771e-05	-7.417484e-04	-9.335623e-08	 8.812910e-08	 1.408929e-06	 6.753468e-06	 1.153525e-04	-5.858190e-06	 1.865147e-05	-2.741645e-05	-1.977659e-04	 1.839737e-05	 4.204370e-08	 9.668005e-06	-1.242570e-03	 2.689404e-01	
-1.417235e-07	 1.173287e-06	-4.707120e-07	-5.080443e-06	-1.502907e-06	-4.517080e-06	 1.387834e-05	-4.303054e-04	 5.172792e-04	 3.021032e-04	 3.399140e-05	 3.042358e-03	 1.880485e-04	-6.942149e-04	 2.316131e-03	-2.556534e-03	-1.153265e-03	-6.682456e-03	 2.031252e-03	 1.456882e-03	-7.429803e-04	-1.737720e-03	-2.787066e-03	 8.705270e-05	 5.634252e-05	 7.232884e-03	-2.981217e-04	 6.685370e-04	 4.681258e-03	-3.108023e-07	-9.048897e-08	 6.256212e-07	 2.786823e-05	 2.265913e-04	-4.457578e-05	-5.255648e-04	-2.773533e-05	-4.897139e-05	-4.750715e-06	-5.467759e-08	 1.356264e-06	-3.302964e-04	-2.265673e+00	
 2.587191e-07	 9.598057e-06	 2.648484e-05	 1.424208e-05	 2.096406e-05	-2.740642e-06	 1.071842e-04	 1.786197e-04	 1.129229e-04	 3.062523e-04	 1.843588e-05	-1.189432e-03	-1.750985e-04	 3.575155e-05	-4.908694e-03	 1.471277e-03	-8.128885e-04	 8.304975e-04	 6.852507e-04	-5.433965e-04	-2.810109e-05	 7.133679e-04	 3.752716e-03	-3.905636e-04	 7.184705e-04	-2.981217e-04	 2.917300e-03	 4.803284e-04	-9.264269e-04	-2.248940e-07	 3.214484e-07	 1.296813e-06	-1.495095e-05	-1.322576e-05	-1.398914e-05	 4.386456e-05	-2.796766e-05	-1.846352e-04	 8.106503e-05	 1.084732e-07	 2.805766e-05	-4.877324e-03	 2.144106e-01	
-7.035543e-07	 3.191875e-06	-3.679514e-06	-3.896669e-05	-5.593562e-06	-1.946134e-05	-1.106178e-06	-4.609574e-04	 5.636491e-05	 1.253571e-05	 1.451822e-05	-1.130804e-02	 9.034275e-05	-6.358929e-04	 4.899845e-03	-1.642228e-03	 2.592065e-03	 1.378292e-02	 6.214764e-04	-1.337514e-03	-7.358331e-04	-6.636899e-04	 4.302432e-03	-8.141640e-05	 4.548771e-05	 6.685370e-04	 4.803284e-04	 6.443729e-03	 7.734318e-03	 6.426766e-07	-1.483485e-07	-3.769978e-06	 6.390083e-05	 1.843856e-05	 2.660592e-05	-5.084818e-05	-3.511572e-05	-4.684466e-04	-8.504661e-06	-2.999915e-07	-6.168205e-06	-5.573715e-04	-2.241681e+00	
-3.538532e-06	 2.189269e-07	-3.988104e-05	-5.013471e-05	-2.687579e-05	-3.388198e-05	-1.292084e-04	-1.558914e-03	 1.173894e-04	-1.737799e-03	 4.296013e-05	-2.525961e-03	 9.825041e-04	 7.659479e-04	 3.119669e-02	 3.202182e-02	 3.703587e-02	 1.303614e-02	-1.106476e-02	 2.967947e-03	 4.753613e-03	 1.653250e-02	 2.585406e-02	-1.566544e-04	-7.417484e-04	 4.681258e-03	-9.264269e-04	 7.734318e-03	 7.114043e-02	-5.932119e-08	-8.303017e-07	 7.070003e-06	 1.035505e-05	-6.731342e-04	 6.508777e-05	-2.934788e-04	-1.752226e-05	-1.447876e-03	-1.216811e-04	-1.523366e-06	-8.207287e-06	 4.228006e-03	-7.408821e+00	
 4.262183e-09	-8.827937e-09	-2.882407e-08	 9.525266e-08	-1.190558e-07	-2.880590e-08	-1.138844e-07	 3.709148e-07	 1.326253e-06	 2.881155e-06	 2.935583e-07	-2.156574e-04	 5.822539e-06	 1.157481e-04	 3.563903e-03	 6.518152e-05	 4.203455e-04	 4.170226e-04	-6.697260e-05	 1.666146e-04	-1.838328e-04	-5.960865e-06	 8.013541e-05	 1.281154e-07	-9.335623e-08	-3.108023e-07	-2.248940e-07	 6.426766e-07	-5.932119e-08	 3.765471e-07	-3.573240e-09	-8.778174e-09	-3.915344e-07	-2.259746e-06	-4.164048e-07	-1.379805e-06	-1.583510e-07	 1.402984e-06	-6.776450e-08	 1.730973e-09	-1.241039e-08	 1.334731e-06	 9.515171e-03	
 1.413316e-09	 4.072585e-08	 6.736804e-08	 1.975434e-08	-1.081613e-08	 1.512799e-08	 4.485702e-07	 8.841880e-07	 2.486243e-06	 3.523223e-06	-1.340656e-07	 7.161333e-04	 4.842310e-07	-4.044855e-05	 5.674925e-04	 1.554286e-04	-3.542882e-04	-1.372721e-03	 1.742643e-05	-1.373004e-06	-3.638718e-05	 4.365277e-04	 9.590833e-04	-3.821302e-07	 8.812910e-08	-9.048897e-08	 3.214484e-07	-1.483485e-07	-8.303017e-07	-3.573240e-09	 3.885652e-07	-2.859885e-08	-1.116569e-07	-4.006834e-07	-2.235270e-07	-9.965269e-07	 8.388533e-08	 1.083535e-06	 2.258664e-07	 6.114752e-10	 7.579952e-08	-1.927955e-05	 4.001442e-04	
 1.023214e-08	-5.557871e-07	-2.984461e-07	 8.589455e-06	 1.701183e-07	-8.729522e-07	-2.180600e-06	 1.375984e-05	 4.848107e-05	-3.309145e-05	 2.397156e-06	 5.177548e-04	 8.607685e-07	-6.972801e-05	 3.941529e-03	 8.794268e-04	 2.886185e-04	 1.211744e-03	 5.578412e-05	 9.407273e-07	 8.622454e-06	 1.819074e-05	 7.339904e-04	 3.734374e-07	 1.408929e-06	 6.256212e-07	 1.296813e-06	-3.769978e-06	 7.070003e-06	-8.778174e-09	-2.859885e-08	 5.591129e-06	-1.136536e-05	-1.871912e-05	-1.042850e-05	-2.078186e-05	-1.018615e-05	-1.602118e-05	-1.291123e-06	 4.191163e-09	 2.557218e-06	 2.284393e-04	 1.285691e-01	
-1.552836e-06	 7.300990e-06	-4.231796e-05	-2.438941e-04	-2.771470e-05	-1.122587e-04	-1.116245e-04	-5.188588e-04	-2.233485e-03	 7.428803e-04	-2.690351e-05	-6.945401e-03	 1.492480e-04	 8.418408e-04	-4.104322e-02	-9.130724e-03	 2.143649e-04	 2.166454e-03	-8.230456e-04	 5.241929e-04	 1.031579e-03	 9.424391e-04	 2.535542e-03	 1.739826e-05	 6.753468e-06	 2.786823e-05	-1.495095e-05	 6.390083e-05	 1.035505e-05	-3.915344e-07	-1.116569e-07	-1.136536e-05	 2.401320e-03	 1.345856e-02	 3.309527e-04	 4.426361e-04	 2.962628e-04	 4.246278e-04	-1.075011e-04	-6.555507e-07	-8.702105e-05	-2.478201e-04	-2.657863e+00	
 2.011560e-06	 2.274619e-04	 3.449300e-04	-6.771650e-05	 2.374700e-04	-2.062168e-04	 1.533473e-03	-9.534015e-04	-1.023585e-02	 7.486489e-03	 2.065913e-04	-5.047895e-02	 9.221389e-04	 7.904156e-03	-2.047748e-01	-7.245817e-02	-2.076486e-02	 1.460941e-02	-4.117754e-03	 9.715326e-03	 1.379214e-02	 2.052975e-02	 4.833159e-02	 2.026478e-04	 1.153525e-04	 2.265913e-04	-1.322576e-05	 1.843856e-05	-6.731342e-04	-2.259746e-06	-4.006834e-07	-1.871912e-05	 1.345856e-02	 1.079606e-01	 3.694047e-04	 2.506929e-03	 4.444562e-04	 1.666190e-03	 1.135302e-03	 9.097392e-07	 4.560029e-04	-1.033962e-01	-1.038793e+01	
-1.903134e-06	-1.761109e-05	-8.733578e-05	-2.488970e-04	-5.214887e-05	-9.360803e-05	-2.880315e-04	-2.721468e-04	-1.147603e-03	-2.302333e-04	-3.996274e-05	 2.387754e-04	 1.376608e-05	-3.245315e-04	-1.482838e-02	 1.671859e-03	 3.285301e-03	 2.343585e-03	-3.762609e-04	-8.223866e-04	-8.539372e-04	-2.328901e-03	-6.966981e-03	-1.374292e-05	-5.858190e-06	-4.457578e-05	-1.398914e-05	 2.660592e-05	 6.508777e-05	-4.164048e-07	-2.235270e-07	-1.042850e-05	 3.309527e-04	 3.694047e-04	 2.212573e-03	 1.202924e-02	 2.953116e-04	 5.044602e-04	-2.507910e-04	-8.037978e-07	-1.408231e-04	 1.146237e-02	-4.138370e-01	
 1.677579e-08	 9.244997e-05	 1.224089e-04	-9.925236e-05	 1.192188e-04	-9.714118e-05	 5.302420e-04	 1.239478e-03	-6.855859e-03	 1.202031e-03	 1.027282e-04	 1.035062e-02	-2.533761e-04	 6.596269e-04	 7.006330e-03	-1.883964e-02	-2.301499e-02	-1.938221e-02	 1.222878e-03	-2.696591e-03	-3.327083e-04	-5.431777e-03	-2.731802e-02	 7.389168e-05	 1.865147e-05	-5.255648e-04	 4.386456e-05	-5.084818e-05	-2.934788e-04	-1.379805e-06	-9.965269e-07	-2.078186e-05	 4.426361e-04	 2.506929e-03	 1.202924e-02	 1.185876e-01	 6.003772e-04	 3.048691e-03	 4.264006e-04	 3.830499e-08	 1.584426e-04	-4.058293e-02	 5.299072e+00	
-1.568795e-06	-1.185557e-05	-6.685506e-05	-2.160392e-04	-4.841015e-05	-8.390974e-05	-2.409249e-04	-6.136661e-04	-1.371356e-03	 2.163661e-04	-2.204045e-05	-5.435716e-03	-5.196622e-05	 1.415395e-03	-2.215666e-02	 1.267190e-03	 5.544007e-03	 8.376802e-03	-2.768933e-03	-3.292921e-04	 1.038690e-04	 1.718283e-03	 3.791519e-03	-4.974025e-07	-2.741645e-05	-2.773533e-05	-2.796766e-05	-3.511572e-05	-1.752226e-05	-1.583510e-07	 8.388533e-08	-1.018615e-05	 2.962628e-04	 4.444562e-04	 2.953116e-04	 6.003772e-04	 2.800459e-03	 1.615203e-02	-1.914940e-04	-6.631279e-07	-1.177318e-04	 8.209574e-03	-2.503717e+00	
 9.719201e-07	 4.986094e-05	 1.208902e-04	-1.385820e-04	 3.825297e-05	-9.864021e-05	 2.428210e-04	-1.389212e-03	-4.529523e-03	 2.458007e-03	 6.424142e-05	-3.672742e-02	 4.118589e-04	 6.000361e-03	-9.939964e-02	-4.005940e-03	 2.499322e-02	 4.601011e-02	-1.436588e-02	 4.772731e-03	 1.091290e-04	 1.318503e-02	 4.355898e-02	 5.646548e-05	-1.977659e-04	-4.897139e-05	-1.846352e-04	-4.684466e-04	-1.447876e-03	 1.402984e-06	 1.083535e-06	-1.602118e-05	 4.246278e-04	 1.666190e-03	 5.044602e-04	 3.048691e-03	 1.615203e-02	 1.508691e-01	 3.672362e-04	 4.205033e-07	 3.430898e-05	-2.464116e-02	-8.105256e+00	
 5.891190e-06	 1.125031e-04	 3.975195e-04	 2.184923e-04	 2.343902e-04	 1.387209e-05	 1.218478e-03	 1.598532e-03	-3.045674e-03	 1.608904e-03	 5.075687e-05	 3.815304e-03	-1.518009e-04	 5.558444e-04	 1.763222e-02	-1.025874e-02	-1.513873e-02	-1.721709e-02	 2.815215e-03	 1.046929e-03	 1.894342e-03	 2.539147e-03	 9.318844e-04	 2.211845e-05	 1.839737e-05	-4.750715e-06	 8.106503e-05	-8.504661e-06	-1.216811e-04	-6.776450e-08	 2.258664e-07	-1.291123e-06	-1.075011e-04	 1.135302e-03	-2.507910e-04	 4.264006e-04	-1.914940e-04	 3.672362e-04	 1.192123e-03	 2.494321e-06	 3.082871e-04	-6.319704e-02	 1.974505e+00	
 2.756315e-08	 2.200953e-07	 8.445529e-07	 5.769130e-07	 5.839111e-07	 8.978253e-08	 2.794577e-06	 1.005374e-05	 3.070214e-07	 7.998381e-06	 2.555406e-07	 5.924838e-06	-4.829424e-07	 2.375846e-06	 1.182635e-05	-7.595510e-05	-8.666814e-05	-8.067900e-05	 8.856533e-06	 3.821885e-06	 5.121294e-06	 7.481811e-06	 6.179168e-06	 7.878870e-08	 4.204370e-08	-5.467759e-08	 1.084732e-07	-2.999915e-07	-1.523366e-06	 1.730973e-09	 6.114752e-10	 4.191163e-09	-6.555507e-07	 9.097392e-07	-8.037978e-07	 3.830499e-08	-6.631279e-07	 4.205033e-07	 2.494321e-06	 1.175579e-08	 6.433754e-07	-1.374101e-04	 4.509957e-02	
 1.521424e-06	 3.696054e-05	 1.020869e-04	 1.304019e-04	 6.796185e-05	 2.923970e-05	 3.687598e-04	 4.341689e-04	-6.559921e-04	 5.974682e-04	 4.271853e-05	 1.797988e-04	-8.574303e-06	 5.101170e-04	 2.385599e-03	-3.330903e-03	-2.350222e-03	-2.102078e-03	-6.320773e-05	 4.273207e-04	 5.234682e-04	 1.066755e-03	 1.895104e-03	 1.305322e-05	 9.668005e-06	 1.356264e-06	 2.805766e-05	-6.168205e-06	-8.207287e-06	-1.241039e-08	 7.579952e-08	 2.557218e-06	-8.702105e-05	 4.560029e-04	-1.408231e-04	 1.584426e-04	-1.177318e-04	 3.430898e-05	 3.082871e-04	 6.433754e-07	 1.319467e-04	-1.930413e-02	 8.141925e-01	
-3.245563e-04	-7.663376e-03	-2.086580e-02	-1.063831e-02	-1.248424e-02	 1.009091e-03	-7.212028e-02	-1.335504e-01	 2.730594e-01	-1.096639e-01	-4.017654e-03	-3.703978e-01	 1.360477e-02	-2.045655e-02	-2.113240e+00	 2.779640e-01	 7.816937e-01	 1.085762e+00	-2.222511e-01	-5.946565e-02	-1.376089e-01	-2.102046e-01	-1.022455e-01	-2.218696e-03	-1.242570e-03	-3.302964e-04	-4.877324e-03	-5.573715e-04	 4.228006e-03	 1.334731e-06	-1.927955e-05	 2.284393e-04	-2.478201e-04	-1.033962e-01	 1.146237e-02	-4.058293e-02	 8.209574e-03	-2.464116e-02	-6.319704e-02	-1.374101e-04	-1.930413e-02	 4.011521e+00	-3.636465e+02	
 1.079567e-01	 6.895213e-01	 4.394016e-01	 3.214185e-01	 2.156887e+00	-1.636127e-01	 4.847676e+00	 3.063894e+02	-2.473736e+02	-1.133769e+02	-1.402974e+00	 3.255789e+02	-1.076723e+01	-6.499276e+01	 2.025775e+03	 3.887683e+02	-1.836726e+02	-3.526978e+02	 1.550399e+02	-1.571802e+01	 2.253220e+01	-2.516145e+01	-1.213886e+02	 9.363106e-01	 2.689404e-01	-2.265673e+00	 2.144106e-01	-2.241681e+00	-7.408821e+00	 9.515171e-03	 4.001442e-04	 1.285691e-01	-2.657863e+00	-1.038793e+01	-4.138370e-01	 5.299072e+00	-2.503717e+00	-8.105256e+00	 1.974505e+00	 4.509957e-02	 8.141925e-01	-3.636465e+02	 1.756625e+06	
