#          omega_b,        omega_cdm,                h,     ln10^{10}A_s,              n_s,         frac_EDE,        log10mass,         tau_reio,       log10R_phi,        A_cib_217,        xi_sz_cib,             A_sz,     ps_A_100_100,     ps_A_143_143,     ps_A_143_217,     ps_A_217_217,         ksz_norm,     gal545_A_100,     gal545_A_143, gal545_A_143_217,     gal545_A_217,    galf_TE_A_100, galf_TE_A_100_143, galf_TE_A_100_217,    galf_TE_A_143, galf_TE_A_143_217,    galf_TE_A_217,       calib_100T,       calib_217T,         A_planck,                M,           sigma8,             rs_d,          z_decay
 2.818918e-08	 1.033376e-07	 1.133706e-06	 8.964001e-07	 6.303950e-07	 1.290395e-06	 3.291620e-05	 2.743952e-07	 1.845111e-06	 5.904551e-05	-1.055339e-06	-3.570619e-06	 1.661859e-04	 5.717797e-05	-9.075747e-06	-5.852557e-05	 1.794947e-05	 2.370301e-06	 2.139103e-06	 4.025382e-06	-1.620224e-05	-9.292958e-08	-6.585903e-08	-8.223526e-08	-2.126907e-07	-4.270157e-07	-1.959240e-06	 1.781168e-09	 1.556610e-09	 1.968508e-08	 3.203220e-06	 4.838689e-07	-1.059763e-04	 8.922180e-01	
 1.033376e-07	 7.581316e-06	 1.610286e-05	 1.367129e-05	 1.363052e-05	 4.427365e-05	 2.131082e-04	-3.414419e-06	-3.398988e-04	 1.740812e-03	-5.498451e-05	 7.461056e-05	 3.530128e-03	 6.509929e-04	-1.603712e-03	-2.975266e-03	 1.022424e-03	 1.239787e-04	 3.517259e-04	 6.666650e-04	 2.329317e-04	-1.575052e-06	 1.960301e-08	 8.300692e-07	 1.515441e-06	 4.211766e-06	 3.122754e-05	-9.603856e-10	 4.094776e-08	-4.754039e-07	 5.059177e-05	 2.088668e-05	-3.723389e-03	 1.867980e+00	
 1.133706e-06	 1.610286e-05	 9.511334e-05	 7.901703e-05	 6.496769e-05	 1.477751e-04	 1.412997e-03	 1.505531e-05	-1.004396e-03	 6.457486e-03	-1.770523e-04	 1.958289e-04	 1.204627e-02	 2.257681e-03	-5.241905e-03	-9.937423e-03	 2.869523e-03	 4.329098e-04	 9.603558e-04	 1.801719e-03	-2.223470e-05	-5.270263e-06	-1.577909e-06	 3.530590e-06	-7.617991e-06	-5.653901e-06	 5.113965e-06	 2.475332e-08	 1.656683e-07	 4.757791e-07	 2.741178e-04	 5.893158e-05	-1.097091e-02	 2.991525e+01	
 8.964001e-07	 1.367129e-05	 7.901703e-05	 2.767545e-04	 6.546679e-05	 1.223247e-04	 3.616438e-05	 1.044007e-04	-1.442500e-03	 3.911005e-04	-5.628604e-06	 1.233651e-05	-1.193219e-03	-7.412708e-03	-7.945201e-03	-5.711088e-03	-4.261199e-04	 3.927295e-04	-1.300290e-04	-4.278453e-04	 5.080405e-04	-1.012560e-05	 1.852084e-06	-6.093540e-06	-7.029019e-06	-1.178514e-06	 2.378267e-05	-2.196359e-08	-8.381754e-08	 8.606305e-06	 2.277294e-04	 1.374040e-04	-9.153752e-03	-2.603180e+01	
 6.303950e-07	 1.363052e-05	 6.496769e-05	 6.546679e-05	 6.219081e-05	 1.109087e-04	 2.034206e-04	 1.042544e-05	-9.452288e-04	-4.337827e-05	-8.482539e-06	-5.586951e-05	-6.540237e-03	-6.027232e-03	-6.565460e-03	-5.835963e-03	-2.187827e-04	 5.815531e-04	 3.801190e-04	 4.458240e-04	 7.287446e-04	-4.632735e-06	 1.416961e-06	 4.579262e-06	-1.453090e-06	 3.005135e-07	 3.577370e-05	-9.464074e-08	 4.619824e-08	-6.765236e-09	 1.896980e-04	 5.404620e-05	-8.412231e-03	-1.848091e+01	
 1.290395e-06	 4.427365e-05	 1.477751e-04	 1.223247e-04	 1.109087e-04	 3.087172e-04	 2.124740e-03	-1.356708e-07	-2.278785e-03	 1.297706e-02	-3.845894e-04	 4.742429e-04	 2.606945e-02	 5.957444e-03	-1.003060e-02	-2.000748e-02	 6.690385e-03	 8.734463e-04	 2.290742e-03	 4.355852e-03	 9.741272e-04	-1.055729e-05	-1.244273e-06	 8.850990e-06	-2.619029e-07	 1.464236e-05	 1.436985e-04	-7.042269e-09	 3.288407e-07	-1.546416e-06	 4.423454e-04	 1.336724e-04	-2.441754e-02	 3.918308e+01	
 3.291620e-05	 2.131082e-04	 1.412997e-03	 3.616438e-05	 2.034206e-04	 2.124740e-03	 2.958811e-01	 2.077106e-04	 6.137928e-02	 4.355190e-01	-1.024947e-02	-2.125314e-02	 1.548583e+00	 1.308447e+00	 7.501413e-01	 3.196094e-01	 1.462534e-01	 4.950157e-03	 3.200247e-02	 8.529883e-02	-2.835715e-02	-5.052224e-05	-1.750429e-04	 2.581624e-04	-1.517854e-04	-7.071926e-04	-1.593574e-03	-5.067857e-06	 1.030490e-05	 1.451454e-06	 4.103342e-03	 5.924354e-04	-1.710204e-01	 9.690305e+03	
 2.743952e-07	-3.414419e-06	 1.505531e-05	 1.044007e-04	 1.042544e-05	-1.356708e-07	 2.077106e-04	 5.804394e-05	 1.354037e-04	-1.042430e-03	 2.017169e-05	 8.257526e-05	-5.074539e-03	-1.781667e-03	-3.644941e-04	 6.509837e-05	-7.265398e-04	 1.364348e-04	-2.484233e-04	-5.448652e-04	-5.901577e-04	-3.001149e-06	 4.981645e-07	-4.330566e-06	-5.719061e-06	-8.788034e-06	-3.780534e-05	-7.705221e-08	-4.414888e-08	-1.102825e-06	 3.810040e-05	 3.491516e-05	 5.666759e-04	 5.385196e+00	
 1.845111e-06	-3.398988e-04	-1.004396e-03	-1.442500e-03	-9.452288e-04	-2.278785e-03	 6.137928e-02	 1.354037e-04	 5.085415e+00	-1.153830e-02	 5.154981e-03	-3.114720e-02	-1.522508e-01	 6.243449e-01	 5.601614e-01	 4.660004e-01	-1.194761e-04	 2.222443e-02	-3.436622e-02	 1.486835e-02	 6.320489e-02	-2.586514e-04	-2.645486e-04	-7.864129e-04	 9.108267e-05	 6.910783e-04	-9.206884e-04	-1.355634e-06	-1.116327e-06	-3.498623e-06	-2.941701e-03	-1.071317e-03	 1.739135e-01	 3.253472e+03	
 5.904551e-05	 1.740812e-03	 6.457486e-03	 3.911005e-04	-4.337827e-05	 1.297706e-02	 4.355190e-01	-1.042430e-03	-1.153830e-02	 4.674708e+01	-5.160859e-01	-1.119108e+00	 4.631212e+01	 7.051692e+00	-1.244919e+01	-5.376578e+01	-8.474715e-01	 2.099209e-01	 6.715035e-01	-5.645694e+00	-3.349588e+01	 1.099112e-03	 5.861477e-04	 1.720404e-03	 4.150435e-04	-3.970554e-03	 1.917648e-03	-2.170551e-04	 7.655093e-04	 5.518764e-04	 1.945635e-02	 2.866015e-03	-9.931659e-01	 1.316997e+04	
-1.055339e-06	-5.498451e-05	-1.770523e-04	-5.628604e-06	-8.482539e-06	-3.845894e-04	-1.024947e-02	 2.017169e-05	 5.154981e-03	-5.160859e-01	 8.106266e-02	-4.321537e-02	-7.945720e-01	 1.002207e+00	 1.994192e+00	 7.993737e-01	 2.116138e-02	-9.846466e-03	 9.963665e-03	 1.242782e-01	 1.789128e-01	-7.035244e-05	 5.460411e-05	-6.256197e-05	 4.332281e-05	 9.210078e-06	 4.570963e-04	 4.805747e-06	-3.281104e-06	 3.247365e-06	-5.450881e-04	-8.929485e-05	 2.963171e-02	-2.921010e+02	
-3.570619e-06	 7.461056e-05	 1.958289e-04	 1.233651e-05	-5.586951e-05	 4.742429e-04	-2.125314e-02	 8.257526e-05	-3.114720e-02	-1.119108e+00	-4.321537e-02	 3.432292e+00	-3.127968e+01	-8.187536e+00	 1.510447e+00	 8.581044e-01	-1.620054e-02	-2.089857e-01	 8.927894e-02	 2.182196e+00	 2.956400e+00	 2.947268e-04	-1.648678e-04	-3.367811e-04	-1.676039e-04	-2.134380e-05	-1.691870e-03	 9.908211e-05	-4.452738e-05	-3.898721e-05	 6.479358e-04	 1.089021e-05	-3.392337e-02	-6.875420e+02	
 1.661859e-04	 3.530128e-03	 1.204627e-02	-1.193219e-03	-6.540237e-03	 2.606945e-02	 1.548583e+00	-5.074539e-03	-1.522508e-01	 4.631212e+01	-7.945720e-01	-3.127968e+01	 8.515346e+02	 1.349670e+02	-4.848085e-01	-1.877087e+01	-1.199346e+01	-5.436895e+00	 6.637650e+00	-1.074202e+01	-2.601555e+01	-5.281383e-03	-5.313843e-03	 2.754692e-02	 9.810060e-03	-2.969854e-03	 3.865042e-02	 3.661778e-03	 7.895656e-04	 3.908282e-03	 3.528059e-02	 5.179924e-03	-2.040093e+00	 5.226420e+04	
 5.717797e-05	 6.509929e-04	 2.257681e-03	-7.412708e-03	-6.027232e-03	 5.957444e-03	 1.308447e+00	-1.781667e-03	 6.243449e-01	 7.051692e+00	 1.002207e+00	-8.187536e+00	 1.349670e+02	 1.015362e+02	 6.493586e+01	 3.081091e+01	-1.094013e+01	-3.897586e-02	-1.097506e+00	 1.871552e+00	 1.089056e-01	-8.241062e-04	-9.024217e-04	 1.566425e-03	 1.397804e-03	-2.432688e-04	 3.005449e-02	-1.130695e-04	 3.025407e-04	 9.652072e-04	 6.505444e-03	-5.111281e-04	-4.206906e-01	 4.913165e+04	
-9.075747e-06	-1.603712e-03	-5.241905e-03	-7.945201e-03	-6.565460e-03	-1.003060e-02	 7.501413e-01	-3.644941e-04	 5.601614e-01	-1.244919e+01	 1.994192e+00	 1.510447e+00	-4.848085e-01	 6.493586e+01	 9.760902e+01	 5.836842e+01	-1.011465e+01	-5.933397e-01	-7.041035e-01	 2.250352e+00	 4.045124e+00	-3.583539e-04	 7.903284e-05	 1.786909e-03	 2.196643e-03	-9.934845e-04	 1.179027e-02	 2.364255e-04	-2.649420e-04	 8.353071e-04	-1.598118e-02	-4.705672e-03	 8.241997e-01	 3.281859e+04	
-5.852557e-05	-2.975266e-03	-9.937423e-03	-5.711088e-03	-5.835963e-03	-2.000748e-02	 3.196094e-01	 6.509837e-05	 4.660004e-01	-5.376578e+01	 7.993737e-01	 8.581044e-01	-1.877087e+01	 3.081091e+01	 5.836842e+01	 1.069279e+02	-9.371925e+00	-3.910998e-01	-1.413080e+00	 2.752077e+00	 2.950736e+01	 2.558774e-04	-2.046810e-03	 5.144293e-04	-4.963327e-04	 3.193472e-03	-3.414570e-04	 2.950901e-04	-1.288192e-03	 1.760108e-03	-3.008938e-02	-6.012363e-03	 1.598447e+00	 1.900386e+04	
 1.794947e-05	 1.022424e-03	 2.869523e-03	-4.261199e-04	-2.187827e-04	 6.690385e-03	 1.462534e-01	-7.265398e-04	-1.194761e-04	-8.474715e-01	 2.116138e-02	-1.620054e-02	-1.199346e+01	-1.094013e+01	-1.011465e+01	-9.371925e+00	 6.969423e+00	-5.195614e-03	-5.311426e-02	-1.717941e-01	 4.380954e-02	-2.547497e-04	-2.465101e-06	-1.527801e-03	-2.983644e-04	-9.706356e-04	-3.798914e-03	 1.001473e-05	-2.212650e-05	-9.004852e-05	 8.670421e-03	 1.302937e-03	-5.333549e-01	 3.493308e+03	
 2.370301e-06	 1.239787e-04	 4.329098e-04	 3.927295e-04	 5.815531e-04	 8.734463e-04	 4.950157e-03	 1.364348e-04	 2.222443e-02	 2.099209e-01	-9.846466e-03	-2.089857e-01	-5.436895e+00	-3.897586e-02	-5.933397e-01	-3.910998e-01	-5.195614e-03	 3.328318e+00	 5.743507e-01	 2.071170e-01	 1.887707e-01	-7.454798e-04	 5.152207e-04	-3.832245e-04	-5.769001e-04	 9.149992e-05	-2.262893e-03	 1.750211e-04	-1.798431e-06	 1.647648e-05	 1.326577e-03	 5.007811e-04	-6.747386e-02	-9.652370e+00	
 2.139103e-06	 3.517259e-04	 9.603558e-04	-1.300290e-04	 3.801190e-04	 2.290742e-03	 3.200247e-02	-2.484233e-04	-3.436622e-02	 6.715035e-01	 9.963665e-03	 8.927894e-02	 6.637650e+00	-1.097506e+00	-7.041035e-01	-1.413080e+00	-5.311426e-02	 5.743507e-01	 3.223557e+00	 2.720170e+00	 2.655485e+00	-7.614665e-04	-3.383278e-04	-4.766804e-04	 3.359446e-04	-8.079785e-04	 8.053402e-04	-1.745006e-04	-3.784125e-05	-1.144668e-05	 2.983371e-03	 5.616860e-04	-1.789681e-01	 7.247578e+02	
 4.025382e-06	 6.666650e-04	 1.801719e-03	-4.278453e-04	 4.458240e-04	 4.355852e-03	 8.529883e-02	-5.448652e-04	 1.486835e-02	-5.645694e+00	 1.242782e-01	 2.182196e+00	-1.074202e+01	 1.871552e+00	 2.250352e+00	 2.752077e+00	-1.717941e-01	 2.071170e-01	 2.720170e+00	 1.046111e+01	 1.876574e+01	-8.098092e-04	-8.676314e-04	-1.474214e-03	-7.915490e-04	-3.488743e-04	 1.200327e-02	-2.308284e-05	 4.113325e-04	-4.552480e-05	 5.487212e-03	 9.942028e-04	-3.387315e-01	 2.476806e+03	
-1.620224e-05	 2.329317e-04	-2.223470e-05	 5.080405e-04	 7.287446e-04	 9.741272e-04	-2.835715e-02	-5.901577e-04	 6.320489e-02	-3.349588e+01	 1.789128e-01	 2.956400e+00	-2.601555e+01	 1.089056e-01	 4.045124e+00	 2.950736e+01	 4.380954e-02	 1.887707e-01	 2.655485e+00	 1.876574e+01	 5.300658e+01	-1.835695e-03	-1.787428e-03	-1.777369e-03	-1.216605e-03	 8.292065e-04	 2.264615e-02	 7.762031e-05	 9.203712e-04	 7.117077e-04	-1.151203e-04	 8.542821e-04	-7.973948e-02	-7.116278e+02	
-9.292958e-08	-1.575052e-06	-5.270263e-06	-1.012560e-05	-4.632735e-06	-1.055729e-05	-5.052224e-05	-3.001149e-06	-2.586514e-04	 1.099112e-03	-7.035244e-05	 2.947268e-04	-5.281383e-03	-8.241062e-04	-3.583539e-04	 2.558774e-04	-2.547497e-04	-7.454798e-04	-7.614665e-04	-8.098092e-04	-1.835695e-03	 1.451375e-03	 2.810196e-04	 9.180079e-05	-3.564046e-04	-1.036292e-04	-1.407766e-04	 7.835091e-08	-9.253095e-08	 9.006426e-08	-1.541386e-05	-7.200631e-06	 8.985636e-04	-2.522275e+00	
-6.585903e-08	 1.960301e-08	-1.577909e-06	 1.852084e-06	 1.416961e-06	-1.244273e-06	-1.750429e-04	 4.981645e-07	-2.645486e-04	 5.861477e-04	 5.460411e-05	-1.648678e-04	-5.313843e-03	-9.024217e-04	 7.903284e-05	-2.046810e-03	-2.465101e-06	 5.152207e-04	-3.383278e-04	-8.676314e-04	-1.787428e-03	 2.810196e-04	 8.752590e-04	 3.031048e-05	 7.302693e-04	 7.067078e-05	-7.231703e-04	-7.125138e-08	-6.654623e-08	-3.173496e-07	-3.909116e-06	 1.240400e-06	 1.002034e-04	-1.084017e+01	
-8.223526e-08	 8.300692e-07	 3.530590e-06	-6.093540e-06	 4.579262e-06	 8.850990e-06	 2.581624e-04	-4.330566e-06	-7.864129e-04	 1.720404e-03	-6.256197e-05	-3.367811e-04	 2.754692e-02	 1.566425e-03	 1.786909e-03	 5.144293e-04	-1.527801e-03	-3.832245e-04	-4.766804e-04	-1.474214e-03	-1.777369e-03	 9.180079e-05	 3.031048e-05	 7.278535e-03	-2.778007e-04	 6.213357e-04	 4.514501e-03	-9.010592e-08	-2.124035e-08	-1.438102e-07	 9.612163e-06	-1.047288e-06	-4.708909e-04	 6.060501e+00	
-2.126907e-07	 1.515441e-06	-7.617991e-06	-7.029019e-06	-1.453090e-06	-2.619029e-07	-1.517854e-04	-5.719061e-06	 9.108267e-05	 4.150435e-04	 4.332281e-05	-1.676039e-04	 9.810060e-03	 1.397804e-03	 2.196643e-03	-4.963327e-04	-2.983644e-04	-5.769001e-04	 3.359446e-04	-7.915490e-04	-1.216605e-03	-3.564046e-04	 7.302693e-04	-2.778007e-04	 2.874883e-03	 5.407322e-04	-9.207031e-04	 1.101903e-07	-2.854811e-08	-2.445614e-07	-1.749337e-05	 1.778802e-06	-1.550274e-04	-9.086940e+00	
-4.270157e-07	 4.211766e-06	-5.653901e-06	-1.178514e-06	 3.005135e-07	 1.464236e-05	-7.071926e-04	-8.788034e-06	 6.910783e-04	-3.970554e-03	 9.210078e-06	-2.134380e-05	-2.969854e-03	-2.432688e-04	-9.934845e-04	 3.193472e-03	-9.706356e-04	 9.149992e-05	-8.079785e-04	-3.488743e-04	 8.292065e-04	-1.036292e-04	 7.067078e-05	 6.213357e-04	 5.407322e-04	 6.418176e-03	 7.942789e-03	 3.763791e-07	-4.152670e-07	 2.303796e-07	-8.505023e-06	 7.694745e-06	-1.170862e-03	-2.058091e+01	
-1.959240e-06	 3.122754e-05	 5.113965e-06	 2.378267e-05	 3.577370e-05	 1.436985e-04	-1.593574e-03	-3.780534e-05	-9.206884e-04	 1.917648e-03	 4.570963e-04	-1.691870e-03	 3.865042e-02	 3.005449e-02	 1.179027e-02	-3.414570e-04	-3.798914e-03	-2.262893e-03	 8.053402e-04	 1.200327e-02	 2.264615e-02	-1.407766e-04	-7.231703e-04	 4.514501e-03	-9.207031e-04	 7.942789e-03	 7.163789e-02	 3.610801e-08	 2.785766e-07	 3.814848e-06	 4.269783e-05	 7.974496e-05	-1.132502e-02	-5.928210e+01	
 1.781168e-09	-9.603856e-10	 2.475332e-08	-2.196359e-08	-9.464074e-08	-7.042269e-09	-5.067857e-06	-7.705221e-08	-1.355634e-06	-2.170551e-04	 4.805747e-06	 9.908211e-05	 3.661778e-03	-1.130695e-04	 2.364255e-04	 2.950901e-04	 1.001473e-05	 1.750211e-04	-1.745006e-04	-2.308284e-05	 7.762031e-05	 7.835091e-08	-7.125138e-08	-9.010592e-08	 1.101903e-07	 3.763791e-07	 3.610801e-08	 3.757733e-07	 5.768992e-10	-1.555628e-08	 4.320500e-08	-6.130034e-08	-1.472962e-06	-1.929356e-01	
 1.556610e-09	 4.094776e-08	 1.656683e-07	-8.381754e-08	 4.619824e-08	 3.288407e-07	 1.030490e-05	-4.414888e-08	-1.116327e-06	 7.655093e-04	-3.281104e-06	-4.452738e-05	 7.895656e-04	 3.025407e-04	-2.649420e-04	-1.288192e-03	-2.212650e-05	-1.798431e-06	-3.784125e-05	 4.113325e-04	 9.203712e-04	-9.253095e-08	-6.654623e-08	-2.124035e-08	-2.854811e-08	-4.152670e-07	 2.785766e-07	 5.768992e-10	 3.861587e-07	-1.963709e-08	 4.827279e-07	 3.800724e-08	-2.434383e-05	 3.385626e-01	
 1.968508e-08	-4.754039e-07	 4.757791e-07	 8.606305e-06	-6.765236e-09	-1.546416e-06	 1.451454e-06	-1.102825e-06	-3.498623e-06	 5.518764e-04	 3.247365e-06	-3.898721e-05	 3.908282e-03	 9.652072e-04	 8.353071e-04	 1.760108e-03	-9.004852e-05	 1.647648e-05	-1.144668e-05	-4.552480e-05	 7.117077e-04	 9.006426e-08	-3.173496e-07	-1.438102e-07	-2.445614e-07	 2.303796e-07	 3.814848e-06	-1.555628e-08	-1.963709e-08	 6.061523e-06	 8.822044e-07	 2.499313e-06	 1.580999e-04	 5.547889e-01	
 3.203220e-06	 5.059177e-05	 2.741178e-04	 2.277294e-04	 1.896980e-04	 4.423454e-04	 4.103342e-03	 3.810040e-05	-2.941701e-03	 1.945635e-02	-5.450881e-04	 6.479358e-04	 3.528059e-02	 6.505444e-03	-1.598118e-02	-3.008938e-02	 8.670421e-03	 1.326577e-03	 2.983371e-03	 5.487212e-03	-1.151203e-04	-1.541386e-05	-3.909116e-06	 9.612163e-06	-1.749337e-05	-8.505023e-06	 4.269783e-05	 4.320500e-08	 4.827279e-07	 8.822044e-07	 8.115657e-04	 1.792652e-04	-3.323675e-02	 8.446134e+01	
 4.838689e-07	 2.088668e-05	 5.893158e-05	 1.374040e-04	 5.404620e-05	 1.336724e-04	 5.924354e-04	 3.491516e-05	-1.071317e-03	 2.866015e-03	-8.929485e-05	 1.089021e-05	 5.179924e-03	-5.111281e-04	-4.705672e-03	-6.012363e-03	 1.302937e-03	 5.007811e-04	 5.616860e-04	 9.942028e-04	 8.542821e-04	-7.200631e-06	 1.240400e-06	-1.047288e-06	 1.778802e-06	 7.694745e-06	 7.974496e-05	-6.130034e-08	 3.800724e-08	 2.499313e-06	 1.792652e-04	 9.939846e-05	-1.094229e-02	-4.127550e+00	
-1.059763e-04	-3.723389e-03	-1.097091e-02	-9.153752e-03	-8.412231e-03	-2.441754e-02	-1.710204e-01	 5.666759e-04	 1.739135e-01	-9.931659e-01	 2.963171e-02	-3.392337e-02	-2.040093e+00	-4.206906e-01	 8.241997e-01	 1.598447e+00	-5.333549e-01	-6.747386e-02	-1.789681e-01	-3.387315e-01	-7.973948e-02	 8.985636e-04	 1.002034e-04	-4.708909e-04	-1.550274e-04	-1.170862e-03	-1.132502e-02	-1.472962e-06	-2.434383e-05	 1.580999e-04	-3.323675e-02	-1.094229e-02	 1.991526e+00	-2.836011e+03	
 8.922180e-01	 1.867980e+00	 2.991525e+01	-2.603180e+01	-1.848091e+01	 3.918308e+01	 9.690305e+03	 5.385196e+00	 3.253472e+03	 1.316997e+04	-2.921010e+02	-6.875420e+02	 5.226420e+04	 4.913165e+04	 3.281859e+04	 1.900386e+04	 3.493308e+03	-9.652370e+00	 7.247578e+02	 2.476806e+03	-7.116278e+02	-2.522275e+00	-1.084017e+01	 6.060501e+00	-9.086940e+00	-2.058091e+01	-5.928210e+01	-1.929356e-01	 3.385626e-01	 5.547889e-01	 8.446134e+01	-4.127550e+00	-2.836011e+03	 3.808597e+08	
