#          omega_b,        omega_cdm,                h,     ln10^{10}A_s,              n_s,         frac_EDE,        log10mass,         tau_reio,        A_cib_217,        xi_sz_cib,             A_sz,     ps_A_100_100,     ps_A_143_143,     ps_A_143_217,     ps_A_217_217,         ksz_norm,     gal545_A_100,     gal545_A_143, gal545_A_143_217,     gal545_A_217,    galf_TE_A_100, galf_TE_A_100_143, galf_TE_A_100_217,    galf_TE_A_143, galf_TE_A_143_217,    galf_TE_A_217,       calib_100T,       calib_217T,         A_planck,                M,           sigma8,             rs_d,          z_decay
 2.939820e-08	 1.523523e-07	 9.942752e-07	 9.466802e-07	 6.938750e-07	 1.348181e-06	 4.125840e-05	 1.478379e-07	-3.016762e-05	 3.580140e-06	-2.308806e-05	 2.060614e-04	-6.383925e-05	-2.215853e-05	-1.488683e-05	-8.491285e-06	 5.092000e-06	-1.417955e-05	-3.685809e-05	-4.671400e-05	-1.250515e-07	-2.992971e-07	 2.077546e-07	-6.339256e-07	-1.514808e-07	 4.953351e-07	 5.004070e-09	-1.800673e-09	 4.042404e-08	 2.819790e-06	 6.109194e-07	-1.226953e-04	 6.544701e-01	
 1.523523e-07	 8.338882e-06	 1.866658e-05	 1.961633e-05	 1.557465e-05	 4.968472e-05	 7.084739e-04	-3.588813e-06	 1.401682e-03	-2.060774e-05	-2.947452e-04	 6.632823e-03	 5.413321e-05	-3.190003e-03	-4.281084e-03	 1.108642e-03	 9.449091e-05	 3.740884e-04	 9.400499e-04	 1.199376e-03	 4.271288e-06	 5.256948e-06	 6.859762e-06	 7.506793e-06	 1.631802e-06	 1.607323e-05	 7.860917e-08	 9.300349e-08	 1.419431e-07	 5.927399e-05	 2.372413e-05	-4.197452e-03	 5.524403e+00	
 9.942752e-07	 1.866658e-05	 8.403804e-05	 7.772920e-05	 6.457559e-05	 1.479127e-04	 2.132311e-03	 5.578429e-06	 4.098361e-03	 1.614023e-05	-6.163451e-04	 1.204984e-03	-7.908080e-03	-1.358265e-02	-1.773209e-02	 2.564442e-03	 5.127362e-04	 3.291925e-04	 7.676962e-04	-4.473280e-04	 8.531030e-06	 4.973198e-06	 4.673330e-06	 5.061437e-06	-1.404265e-05	 4.018450e-05	 1.925265e-07	 1.495415e-07	 3.074842e-07	 2.461152e-04	 6.213308e-05	-1.154590e-02	 1.283917e+01	
 9.466802e-07	 1.961633e-05	 7.772920e-05	 2.255614e-04	 6.037414e-05	 1.441979e-04	 8.380052e-04	 6.534276e-05	 6.692318e-03	 6.953713e-05	-3.018748e-03	 4.159374e-02	 1.188092e-03	-1.113799e-02	-1.688840e-02	 2.720088e-03	 5.439023e-05	-9.256939e-05	-2.284049e-03	-3.375387e-03	-2.281166e-05	-5.225700e-06	-1.259717e-05	-8.202499e-06	-3.821132e-05	 8.827007e-05	 2.693351e-08	 3.168469e-08	 1.259504e-05	 2.269412e-04	 1.252820e-04	-1.155496e-02	-1.636243e+01	
 6.938750e-07	 1.557465e-05	 6.457559e-05	 6.037414e-05	 6.208166e-05	 1.183135e-04	 1.119546e-03	 2.402035e-06	 2.592167e-04	 5.520095e-05	-8.950937e-04	-8.586123e-03	-1.224411e-02	-1.337101e-02	-1.251854e-02	-5.365759e-04	 1.413707e-03	 7.373604e-05	-5.003953e-04	-1.463890e-04	 8.611645e-06	 8.510824e-06	 5.644330e-06	 4.603886e-06	-2.298765e-05	 2.998973e-05	 5.491667e-08	 2.260876e-07	-7.154115e-08	 1.891441e-04	 5.316081e-05	-9.290125e-03	-7.183634e+00	
 1.348181e-06	 4.968472e-05	 1.479127e-04	 1.441979e-04	 1.183135e-04	 3.299505e-04	 4.675487e-03	-9.963603e-06	 9.720058e-03	-6.975535e-05	-1.604366e-03	 2.504660e-02	-5.898493e-03	-2.448479e-02	-3.365754e-02	 7.056895e-03	 7.948134e-04	 1.906560e-03	 4.820197e-03	 4.731569e-03	 2.820036e-05	 2.870614e-05	 3.149549e-05	 3.909456e-05	-2.365704e-06	 1.278284e-04	 4.621034e-07	 5.117514e-07	 4.661041e-07	 4.518867e-04	 1.478589e-04	-2.682062e-02	 3.357879e+01	
 4.125840e-05	 7.084739e-04	 2.132311e-03	 8.380052e-04	 1.119546e-03	 4.675487e-03	 3.899607e-01	-6.965677e-04	 4.546675e-01	-4.688926e-03	-4.639975e-02	 2.007728e+00	 1.087156e+00	 4.569204e-01	-4.613841e-02	 2.472551e-01	-7.511205e-02	 3.872436e-03	 8.654478e-02	 4.583035e-02	 2.725946e-04	 4.903354e-04	-1.016424e-03	 1.347017e-03	 1.516309e-03	 1.790953e-03	 1.202401e-05	 1.584370e-05	 1.970434e-04	 6.452630e-03	 1.820024e-03	-4.094183e-01	 6.947300e+03	
 1.478379e-07	-3.588813e-06	 5.578429e-06	 6.534276e-05	 2.402035e-06	-9.963603e-06	-6.965677e-04	 3.748238e-05	 1.402717e-03	 9.148693e-06	-6.945517e-04	 8.288635e-03	 1.585384e-03	-9.343155e-04	-3.183690e-03	 2.130588e-04	-2.463470e-04	-5.117719e-04	-1.650044e-03	-3.169037e-03	-5.731442e-06	-5.180582e-06	-1.101765e-05	-1.280739e-05	-1.882925e-05	 1.166135e-05	-1.127172e-07	-8.997397e-08	 6.128933e-07	 9.271880e-06	 1.870082e-05	 1.145157e-03	-1.330217e+01	
-3.016762e-05	 1.401682e-03	 4.098361e-03	 6.692318e-03	 2.592167e-04	 9.720058e-03	 4.546675e-01	 1.402717e-03	 4.400864e+01	-5.152590e-01	-8.983613e-01	 4.397289e+01	 5.677484e+00	-1.345381e+01	-5.281565e+01	-8.377803e-01	-2.253228e-01	 5.271246e-02	-5.292491e+00	-3.090366e+01	 3.439814e-03	 4.850995e-03	 3.271097e-03	 8.987097e-03	 2.216258e-02	 8.921335e-02	-9.021920e-05	 6.650462e-04	 1.004808e-03	 1.330525e-02	 5.091366e-03	-6.985179e-01	 6.838613e+03	
 3.580140e-06	-2.060774e-05	 1.614023e-05	 6.953713e-05	 5.520095e-05	-6.975535e-05	-4.688926e-03	 9.148693e-06	-5.152590e-01	 8.139899e-02	-2.927154e-02	-7.161173e-01	 1.028922e+00	 2.077340e+00	 8.475100e-01	 3.649544e-02	-2.693287e-02	 2.680585e-02	 1.630501e-01	 2.331937e-01	 5.898513e-04	-5.417417e-05	 5.687410e-05	-8.690863e-04	-1.366824e-03	-1.556504e-04	-5.269711e-06	 8.154661e-06	 2.539055e-05	-2.739408e-05	-2.150512e-05	 4.171990e-03	-5.334185e+01	
-2.308806e-05	-2.947452e-04	-6.163451e-04	-3.018748e-03	-8.950937e-04	-1.604366e-03	-4.639975e-02	-6.945517e-04	-8.983613e-01	-2.927154e-02	 2.904531e+00	-2.494761e+01	-6.939274e+00	 1.147892e+00	 4.843376e-01	-7.763093e-03	-1.605041e-01	 2.143016e-01	 2.047812e+00	 2.561756e+00	 1.569452e-03	-2.318088e-03	 1.351915e-03	-4.176018e-03	-7.845250e-04	-2.078769e-02	 1.318301e-04	-5.901238e-05	-2.202243e-04	-1.713778e-03	-2.005865e-03	 1.615206e-01	-7.527251e+02	
 2.060614e-04	 6.632823e-03	 1.204984e-03	 4.159374e-02	-8.586123e-03	 2.504660e-02	 2.007728e+00	 8.288635e-03	 4.397289e+01	-7.161173e-01	-2.494761e+01	 7.823914e+02	 1.219490e+02	 7.793608e+00	-1.270189e+01	-1.170169e+01	-7.376182e+00	 5.046783e+00	-8.482006e+00	-2.515465e+01	-1.323533e-02	-2.696393e-02	 3.018951e-02	-1.945125e-02	 1.126145e-01	 5.297902e-01	 4.200239e-03	-7.087829e-05	 6.814031e-03	 1.479195e-02	 3.269329e-02	-2.855419e+00	 4.019637e+04	
-6.383925e-05	 5.413321e-05	-7.908080e-03	 1.188092e-03	-1.224411e-02	-5.898493e-03	 1.087156e+00	 1.585384e-03	 5.677484e+00	 1.028922e+00	-6.939274e+00	 1.219490e+02	 9.617871e+01	 6.519682e+01	 3.093439e+01	-9.652013e+00	-1.491573e+00	-9.426408e-01	 2.366102e+00	 1.195643e+00	 2.175976e-02	 7.348001e-03	-1.384081e-02	-5.202881e-03	-2.517919e-03	-7.380449e-03	-2.199521e-04	 1.657345e-04	 1.808228e-03	-2.391358e-02	 2.957333e-03	 2.987708e-01	 3.217429e+04	
-2.215853e-05	-3.190003e-03	-1.358265e-02	-1.113799e-02	-1.337101e-02	-2.448479e-02	 4.569204e-01	-9.343155e-04	-1.345381e+01	 2.077340e+00	 1.147892e+00	 7.793608e+00	 6.519682e+01	 9.930850e+01	 5.913771e+01	-8.955881e+00	-1.979564e+00	 7.539463e-02	 2.857161e+00	 5.137157e+00	 2.106992e-02	-5.388388e-03	-4.587247e-03	-3.391006e-02	-1.891132e-02	-6.479137e-02	-7.145356e-05	-2.207631e-04	 1.941370e-03	-4.289843e-02	-8.653674e-03	 1.798510e+00	 2.233637e+04	
-1.488683e-05	-4.281084e-03	-1.773209e-02	-1.688840e-02	-1.251854e-02	-3.365754e-02	-4.613841e-02	-3.183690e-03	-5.281565e+01	 8.475100e-01	 4.843376e-01	-1.270189e+01	 3.093439e+01	 5.913771e+01	 1.058610e+02	-8.538526e+00	-7.849541e-01	-5.359846e-01	 2.424701e+00	 2.794398e+01	-2.545508e-03	-6.428519e-03	-6.421160e-03	-2.264804e-02	-1.372581e-02	-1.249662e-01	 9.447260e-05	-1.371619e-03	 1.445393e-03	-5.448996e-02	-1.248506e-02	 2.414511e+00	 1.201726e+04	
-8.491285e-06	 1.108642e-03	 2.564442e-03	 2.720088e-03	-5.365759e-04	 7.056895e-03	 2.472551e-01	 2.130588e-04	-8.377803e-01	 3.649544e-02	-7.763093e-03	-1.170169e+01	-9.652013e+00	-8.955881e+00	-8.538526e+00	 7.049302e+00	-2.517081e-01	-1.832572e-01	-5.583736e-02	 3.738693e-01	 2.015518e-04	 7.398400e-04	-5.409511e-03	 8.399604e-03	-4.825396e-03	-4.568527e-03	-4.987397e-06	 6.386795e-05	 3.889410e-04	 8.624359e-03	 2.822916e-03	-5.446611e-01	 4.417931e+03	
 5.092000e-06	 9.449091e-05	 5.127362e-04	 5.439023e-05	 1.413707e-03	 7.948134e-04	-7.511205e-02	-2.463470e-04	-2.253228e-01	-2.693287e-02	-1.605041e-01	-7.376182e+00	-1.491573e+00	-1.979564e+00	-7.849541e-01	-2.517081e-01	 3.340502e+00	 5.670968e-01	 2.141522e-01	 5.060024e-01	 7.832641e-04	 1.465339e-03	-1.790763e-04	 3.905494e-03	-6.958103e-03	-3.046446e-02	 1.148157e-04	-9.176734e-06	 5.302788e-05	 1.496741e-03	 2.560401e-04	-6.136716e-02	-2.247815e+03	
-1.417955e-05	 3.740884e-04	 3.291925e-04	-9.256939e-05	 7.373604e-05	 1.906560e-03	 3.872436e-03	-5.117719e-04	 5.271246e-02	 2.680585e-02	 2.143016e-01	 5.046783e+00	-9.426408e-01	 7.539463e-02	-5.359846e-01	-1.832572e-01	 5.670968e-01	 3.279300e+00	 3.045237e+00	 3.458333e+00	 5.408178e-03	-1.527927e-03	 3.458650e-03	-4.329159e-03	-3.212366e-03	 9.985785e-03	-1.981624e-04	-5.671034e-05	 2.106010e-04	 1.717610e-03	 6.558833e-04	-1.522747e-01	-3.713731e+01	
-3.685809e-05	 9.400499e-04	 7.676962e-04	-2.284049e-03	-5.003953e-04	 4.820197e-03	 8.654478e-02	-1.650044e-03	-5.292491e+00	 1.630501e-01	 2.047812e+00	-8.482006e+00	 2.366102e+00	 2.857161e+00	 2.424701e+00	-5.583736e-02	 2.141522e-01	 3.045237e+00	 1.063123e+01	 1.832401e+01	 6.395539e-03	 2.572913e-05	-1.856086e-03	-4.670367e-03	-9.629869e-03	-5.067940e-02	-2.887592e-05	 3.968862e-04	-2.939022e-04	 3.333057e-03	 7.827397e-04	-3.843696e-01	 1.532760e+03	
-4.671400e-05	 1.199376e-03	-4.473280e-04	-3.375387e-03	-1.463890e-04	 4.731569e-03	 4.583035e-02	-3.169037e-03	-3.090366e+01	 2.331937e-01	 2.561756e+00	-2.515465e+01	 1.195643e+00	 5.137157e+00	 2.794398e+01	 3.738693e-01	 5.060024e-01	 3.458333e+00	 1.832401e+01	 4.952832e+01	 1.155131e-03	-1.082108e-03	-1.075278e-02	-2.247400e-03	-1.818341e-02	-1.306672e-01	-1.611708e-05	 8.641239e-04	 2.395257e-04	-4.570603e-04	 1.372490e-03	-4.357114e-01	 1.272313e+03	
-1.250515e-07	 4.271288e-06	 8.531030e-06	-2.281166e-05	 8.611645e-06	 2.820036e-05	 2.725946e-04	-5.731442e-06	 3.439814e-03	 5.898513e-04	 1.569452e-03	-1.323533e-02	 2.175976e-02	 2.106992e-02	-2.545508e-03	 2.015518e-04	 7.832641e-04	 5.408178e-03	 6.395539e-03	 1.155131e-03	 1.466867e-03	 2.823203e-04	 6.217546e-05	-4.038605e-04	-1.555445e-04	-3.379544e-04	 5.546707e-08	-3.502300e-07	-9.020398e-06	 1.880723e-05	-4.048067e-07	-2.005094e-03	 7.825829e+00	
-2.992971e-07	 5.256948e-06	 4.973198e-06	-5.225700e-06	 8.510824e-06	 2.870614e-05	 4.903354e-04	-5.180582e-06	 4.850995e-03	-5.417417e-05	-2.318088e-03	-2.696393e-02	 7.348001e-03	-5.388388e-03	-6.428519e-03	 7.398400e-04	 1.465339e-03	-1.527927e-03	 2.572913e-05	-1.082108e-03	 2.823203e-04	 8.972275e-04	 6.317215e-06	 8.264055e-04	 1.953421e-04	-4.417056e-04	-7.060929e-07	 1.112889e-06	-4.288378e-06	 1.048731e-05	 9.737384e-06	-2.132033e-03	 9.404346e+00	
 2.077546e-07	 6.859762e-06	 4.673330e-06	-1.259717e-05	 5.644330e-06	 3.149549e-05	-1.016424e-03	-1.101765e-05	 3.271097e-03	 5.687410e-05	 1.351915e-03	 3.018951e-02	-1.384081e-02	-4.587247e-03	-6.421160e-03	-5.409511e-03	-1.790763e-04	 3.458650e-03	-1.856086e-03	-1.075278e-02	 6.217546e-05	 6.317215e-06	 7.352970e-03	-3.250877e-04	 1.053847e-03	 4.571528e-03	 1.550562e-06	-4.756837e-07	-9.185149e-06	 8.367009e-06	 7.054233e-07	-3.127185e-03	-2.703786e+01	
-6.339256e-07	 7.506793e-06	 5.061437e-06	-8.202499e-06	 4.603886e-06	 3.909456e-05	 1.347017e-03	-1.280739e-05	 8.987097e-03	-8.690863e-04	-4.176018e-03	-1.945125e-02	-5.202881e-03	-3.391006e-02	-2.264804e-02	 8.399604e-03	 3.905494e-03	-4.329159e-03	-4.670367e-03	-2.247400e-03	-4.038605e-04	 8.264055e-04	-3.250877e-04	 2.952447e-03	 7.087287e-04	-3.269217e-04	-1.542318e-06	 7.946065e-07	-1.001129e-07	 1.293334e-05	 1.384352e-05	-2.773784e-03	 1.979732e+01	
-1.514808e-07	 1.631802e-06	-1.404265e-05	-3.821132e-05	-2.298765e-05	-2.365704e-06	 1.516309e-03	-1.882925e-05	 2.216258e-02	-1.366824e-03	-7.845250e-04	 1.126145e-01	-2.517919e-03	-1.891132e-02	-1.372581e-02	-4.825396e-03	-6.958103e-03	-3.212366e-03	-9.629869e-03	-1.818341e-02	-1.555445e-04	 1.953421e-04	 1.053847e-03	 7.087287e-04	 6.221455e-03	 8.485890e-03	 1.789649e-07	 1.367256e-06	-2.529103e-06	-2.707984e-05	-1.598326e-05	-1.465527e-04	 3.167779e+01	
 4.953351e-07	 1.607323e-05	 4.018450e-05	 8.827007e-05	 2.998973e-05	 1.278284e-04	 1.790953e-03	 1.166135e-05	 8.921335e-02	-1.556504e-04	-2.078769e-02	 5.297902e-01	-7.380449e-03	-6.479137e-02	-1.249662e-01	-4.568527e-03	-3.046446e-02	 9.985785e-03	-5.067940e-02	-1.306672e-01	-3.379544e-04	-4.417056e-04	 4.571528e-03	-3.269217e-04	 8.485890e-03	 7.202348e-02	-2.308711e-06	-3.805865e-06	 4.630907e-07	 1.567584e-04	 5.286411e-05	-9.704383e-03	-2.858216e+00	
 5.004070e-09	 7.860917e-08	 1.925265e-07	 2.693351e-08	 5.491667e-08	 4.621034e-07	 1.202401e-05	-1.127172e-07	-9.021920e-05	-5.269711e-06	 1.318301e-04	 4.200239e-03	-2.199521e-04	-7.145356e-05	 9.447260e-05	-4.987397e-06	 1.148157e-04	-1.981624e-04	-2.887592e-05	-1.611708e-05	 5.546707e-08	-7.060929e-07	 1.550562e-06	-1.542318e-06	 1.789649e-07	-2.308711e-06	 3.822725e-07	-4.605169e-09	-6.699789e-08	 8.012651e-07	 1.228046e-07	-4.348496e-05	 9.175171e-02	
-1.800673e-09	 9.300349e-08	 1.495415e-07	 3.168469e-08	 2.260876e-07	 5.117514e-07	 1.584370e-05	-8.997397e-08	 6.650462e-04	 8.154661e-06	-5.901238e-05	-7.087829e-05	 1.657345e-04	-2.207631e-04	-1.371619e-03	 6.386795e-05	-9.176734e-06	-5.671034e-05	 3.968862e-04	 8.641239e-04	-3.502300e-07	 1.112889e-06	-4.756837e-07	 7.946065e-07	 1.367256e-06	-3.805865e-06	-4.605169e-09	 3.879649e-07	-2.692569e-08	 5.307804e-07	 2.298109e-07	-4.167507e-05	 8.233225e-02	
 4.042404e-08	 1.419431e-07	 3.074842e-07	 1.259504e-05	-7.154115e-08	 4.661041e-07	 1.970434e-04	 6.128933e-07	 1.004808e-03	 2.539055e-05	-2.202243e-04	 6.814031e-03	 1.808228e-03	 1.941370e-03	 1.445393e-03	 3.889410e-04	 5.302788e-05	 2.106010e-04	-2.939022e-04	 2.395257e-04	-9.020398e-06	-4.288378e-06	-9.185149e-06	-1.001129e-07	-2.529103e-06	 4.630907e-07	-6.699789e-08	-2.692569e-08	 5.817961e-06	 9.335180e-07	 5.724016e-06	-9.572401e-05	 4.492080e+00	
 2.819790e-06	 5.927399e-05	 2.461152e-04	 2.269412e-04	 1.891441e-04	 4.518867e-04	 6.452630e-03	 9.271880e-06	 1.330525e-02	-2.739408e-05	-1.713778e-03	 1.479195e-02	-2.391358e-02	-4.289843e-02	-5.448996e-02	 8.624359e-03	 1.496741e-03	 1.717610e-03	 3.333057e-03	-4.570603e-04	 1.880723e-05	 1.048731e-05	 8.367009e-06	 1.293334e-05	-2.707984e-05	 1.567584e-04	 8.012651e-07	 5.307804e-07	 9.335180e-07	 7.427885e-04	 1.909199e-04	-3.559967e-02	 3.991263e+01	
 6.109194e-07	 2.372413e-05	 6.213308e-05	 1.252820e-04	 5.316081e-05	 1.478589e-04	 1.820024e-03	 1.870082e-05	 5.091366e-03	-2.150512e-05	-2.005865e-03	 3.269329e-02	 2.957333e-03	-8.653674e-03	-1.248506e-02	 2.822916e-03	 2.560401e-04	 6.558833e-04	 7.827397e-04	 1.372490e-03	-4.048067e-07	 9.737384e-06	 7.054233e-07	 1.384352e-05	-1.598326e-05	 5.286411e-05	 1.228046e-07	 2.298109e-07	 5.724016e-06	 1.909199e-04	 9.648034e-05	-1.237908e-02	 7.757784e+00	
-1.226953e-04	-4.197452e-03	-1.154590e-02	-1.155496e-02	-9.290125e-03	-2.682062e-02	-4.094183e-01	 1.145157e-03	-6.985179e-01	 4.171990e-03	 1.615206e-01	-2.855419e+00	 2.987708e-01	 1.798510e+00	 2.414511e+00	-5.446611e-01	-6.136716e-02	-1.522747e-01	-3.843696e-01	-4.357114e-01	-2.005094e-03	-2.132033e-03	-3.127185e-03	-2.773784e-03	-1.465527e-04	-9.704383e-03	-4.348496e-05	-4.167507e-05	-9.572401e-05	-3.559967e-02	-1.237908e-02	 2.234001e+00	-3.444113e+03	
 6.544701e-01	 5.524403e+00	 1.283917e+01	-1.636243e+01	-7.183634e+00	 3.357879e+01	 6.947300e+03	-1.330217e+01	 6.838613e+03	-5.334185e+01	-7.527251e+02	 4.019637e+04	 3.217429e+04	 2.233637e+04	 1.201726e+04	 4.417931e+03	-2.247815e+03	-3.713731e+01	 1.532760e+03	 1.272313e+03	 7.825829e+00	 9.404346e+00	-2.703786e+01	 1.979732e+01	 3.167779e+01	-2.858216e+00	 9.175171e-02	 8.233225e-02	 4.492080e+00	 3.991263e+01	 7.757784e+00	-3.444113e+03	 1.611874e+08	
