 /!\ Appending to an existing folder: using the log.param instead of
     input/run250.param
Running Monte Python v3.3.2

with CLASS v2.9.4

Testing likelihoods for:
 ->Planck_highl_TTTEEE, Planck_lowl_TT, Planck_lowl_EE, Planck_lensing, bao_fs_boss_dr12, bao_smallz_2014, H0_local, Pantheon, He

----
clik version 3be036bbb4f9
  smica
Checking likelihood '/Users/florian/Documents/CMB/Planck/code/plc_3.0/plc-3.01/../../../baseline/plc_3.0/hi_l/plik/plik_rd12_HM_v22b_TTTEEE.clik' on test data. got -1172.47 expected -1172.47 (diff -4.34053e-07)
----
----
clik version 3be036bbb4f9
  gibbs_gauss b13c8fda-1837-41b5-ae2d-78d6b723fcf1
Checking likelihood '/Users/florian/Documents/CMB/Planck/code/plc_3.0/plc-3.01/../../../baseline/plc_3.0/low_l/commander/commander_dx12_v3_2_29.clik' on test data. got -11.6257 expected -11.6257 (diff -1.07424e-09)
----
Initializing SimAll
----
clik version 3be036bbb4f9
  simall simall_EE_BB_TE
Checking likelihood '/Users/florian/Documents/CMB/Planck/code/plc_3.0/plc-3.01/../../../baseline/plc_3.0/low_l/simall/simall_100x143_offlike5_EE_Aplanck_B.clik' on test data. got -197.99 expected -197.99 (diff -4.1778e-08)
----
Checking lensing likelihood '/Users/florian/Documents/CMB/Planck/code/plc_3.0/plc-3.01/../../../baseline/plc_3.0/lensing/smicadx12_Dec5_ftl_mv2_ndclpp_p_teb_consext8.clik_lensing' on test data. got -4.42102
 /!\ read_table is deprecated, use read_csv instead, passing sep='\t'.
 /!\ Method .as_matrix will be removed in a future version. Use .values instead.
 /!\ read_table is deprecated, use read_csv instead.
Creating ../output/run250/2020-12-06_10000__2.txt


Input covariance matrix:
['omega_b', 'omega_cdm', 'h', 'ln10^{10}A_s', 'n_s', 'tau_reio', 'f_CNEDE', 'log10mass', 'log10(1-alpha)', 'A_cib_217', 'xi_sz_cib', 'A_sz', 'ps_A_100_100', 'ps_A_143_143', 'ps_A_143_217', 'ps_A_217_217', 'ksz_norm', 'gal545_A_100', 'gal545_A_143', 'gal545_A_143_217', 'gal545_A_217', 'galf_TE_A_100', 'galf_TE_A_100_143', 'galf_TE_A_100_217', 'galf_TE_A_143', 'galf_TE_A_143_217', 'galf_TE_A_217', 'calib_100T', 'calib_217T', 'A_planck', 'M', 'YHe', 'sigma8', 'rs_d', 'z_decay']
[[ 4.16e-08  2.41e-07  1.15e-06 ...  6.80e-07 -1.69e-04  4.30e-02]
 [ 2.41e-07  9.55e-06  1.88e-05 ...  2.86e-05 -4.64e-03 -1.93e-01]
 [ 1.15e-06  1.88e-05  7.45e-05 ...  6.61e-05 -1.10e-02 -4.18e-01]
 ...
 [ 6.80e-07  2.86e-05  6.61e-05 ...  1.29e-04 -1.41e-02 -1.25e+00]
 [-1.69e-04 -4.64e-03 -1.10e-02 ... -1.41e-02  2.37e+00  5.78e+01]
 [ 4.30e-02 -1.93e-01 -4.18e-01 ... -1.25e+00  5.78e+01  2.52e+05]]

First treatment (scaling)
['omega_b', 'omega_cdm', 'h', 'ln10^{10}A_s', 'n_s', 'tau_reio', 'f_CNEDE', 'log10mass', 'log10(1-alpha)', 'A_cib_217', 'xi_sz_cib', 'A_sz', 'ps_A_100_100', 'ps_A_143_143', 'ps_A_143_217', 'ps_A_217_217', 'ksz_norm', 'gal545_A_100', 'gal545_A_143', 'gal545_A_143_217', 'gal545_A_217', 'galf_TE_A_100', 'galf_TE_A_100_143', 'galf_TE_A_100_217', 'galf_TE_A_143', 'galf_TE_A_143_217', 'galf_TE_A_217', 'calib_100T', 'calib_217T', 'A_planck', 'M', 'YHe', 'sigma8', 'rs_d', 'z_decay']
[[ 4.16e-04  2.41e-05  1.15e-04 ...  6.80e-05 -1.69e-02  4.30e+00]
 [ 2.41e-05  9.55e-06  1.88e-05 ...  2.86e-05 -4.64e-03 -1.93e-01]
 [ 1.15e-04  1.88e-05  7.45e-05 ...  6.61e-05 -1.10e-02 -4.18e-01]
 ...
 [ 6.80e-05  2.86e-05  6.61e-05 ...  1.29e-04 -1.41e-02 -1.25e+00]
 [-1.69e-02 -4.64e-03 -1.10e-02 ... -1.41e-02  2.37e+00  5.78e+01]
 [ 4.30e+00 -1.93e-01 -4.18e-01 ... -1.25e+00  5.78e+01  2.52e+05]]

Second treatment (partial reordering and cleaning)
['omega_b', 'omega_cdm', 'h', 'ln10^{10}A_s', 'n_s', 'tau_reio', 'f_CNEDE', 'log10mass', 'log10(1-alpha)', 'A_cib_217', 'xi_sz_cib', 'A_sz', 'ps_A_100_100', 'ps_A_143_143', 'ps_A_143_217', 'ps_A_217_217', 'ksz_norm', 'gal545_A_100', 'gal545_A_143', 'gal545_A_143_217', 'gal545_A_217', 'galf_TE_A_100', 'galf_TE_A_100_143', 'galf_TE_A_100_217', 'galf_TE_A_143', 'galf_TE_A_143_217', 'galf_TE_A_217', 'calib_100T', 'calib_217T', 'A_planck', 'M', '', '', '', '']
[[4.16e-04 2.41e-05 1.15e-04 ... 0.00e+00 0.00e+00 0.00e+00]
 [2.41e-05 9.55e-06 1.88e-05 ... 0.00e+00 0.00e+00 0.00e+00]
 [1.15e-04 1.88e-05 7.45e-05 ... 0.00e+00 0.00e+00 0.00e+00]
 ...
 [0.00e+00 0.00e+00 0.00e+00 ... 0.00e+00 0.00e+00 0.00e+00]
 [0.00e+00 0.00e+00 0.00e+00 ... 0.00e+00 0.00e+00 0.00e+00]
 [0.00e+00 0.00e+00 0.00e+00 ... 0.00e+00 0.00e+00 0.00e+00]]

Deduced starting covariance matrix:
['omega_b', 'omega_cdm', 'h', 'ln10^{10}A_s', 'n_s', 'tau_reio', 'f_CNEDE', 'log10mass', 'log10(1-alpha)', 'A_cib_217', 'xi_sz_cib', 'A_sz', 'ps_A_100_100', 'ps_A_143_143', 'ps_A_143_217', 'ps_A_217_217', 'ksz_norm', 'gal545_A_100', 'gal545_A_143', 'gal545_A_143_217', 'gal545_A_217', 'galf_TE_A_100', 'galf_TE_A_100_143', 'galf_TE_A_100_217', 'galf_TE_A_143', 'galf_TE_A_143_217', 'galf_TE_A_217', 'calib_100T', 'calib_217T', 'A_planck', 'M']
[[ 4.16e-04  2.41e-05  1.15e-04  5.61e-05  7.59e-05  6.23e-07  3.58e-04  1.22e-03  4.64e-03 -9.92e-04  4.15e-04 -1.92e-03 -1.50e-03 -2.40e-02
  -2.27e-02 -2.33e-02  1.80e-03 -2.14e-03 -1.56e-03 -5.82e-03 -1.03e-02  5.49e-06  1.68e-05 -8.36e-05  3.41e-05  2.07e-05  2.22e-04  1.15e-03
   4.03e-04 -1.85e-06  3.35e-04]
 [ 2.41e-05  9.55e-06  1.88e-05  1.43e-05  9.15e-06 -3.94e-06  9.48e-05  9.53e-07 -5.64e-04 -1.20e-03  8.54e-05  1.37e-04 -1.11e-03 -2.10e-03
  -2.93e-04  3.99e-04 -2.80e-06 -1.08e-04  2.88e-05 -2.51e-05  8.33e-05 -6.47e-07  1.89e-06 -3.43e-06  1.05e-05  1.16e-05  9.44e-06  8.60e-05
   2.45e-05  3.52e-07  5.92e-05]
 [ 1.15e-04  1.88e-05  7.45e-05  5.76e-05  3.73e-05  5.69e-06  2.45e-04  7.12e-06 -1.06e-03 -3.10e-03  3.77e-04 -6.58e-04  1.54e-04 -6.41e-03
  -1.32e-03 -1.33e-03  3.55e-05 -8.52e-04 -9.81e-04 -2.71e-03 -4.01e-03 -2.46e-06  1.34e-05 -8.77e-06  5.09e-05  4.73e-05  1.16e-04  2.19e-04
  -6.06e-05  1.92e-06  2.17e-04]
 [ 5.61e-05  1.43e-05  5.76e-05  2.61e-04  2.61e-05  9.68e-05  1.69e-04 -3.11e-04 -1.43e-04 -1.02e-02  3.24e-04 -7.08e-04 -2.00e-03 -4.32e-03
   3.51e-03  1.62e-02 -4.66e-03 -1.66e-04 -2.49e-03 -4.30e-03  4.03e-04 -4.96e-05 -6.71e-06 -4.34e-05  7.13e-05 -9.46e-06 -1.26e-04  3.96e-04
  -5.10e-04  1.60e-05  1.69e-04]
 [ 7.59e-05  9.15e-06  3.73e-05  2.61e-05  3.06e-05  3.14e-06  1.28e-04  2.30e-04  7.94e-04 -3.94e-03  2.65e-04 -5.86e-05 -1.43e-02 -5.90e-03
   4.40e-04  1.47e-03 -9.77e-04 -3.47e-04 -7.09e-04 -1.78e-03 -2.07e-03  7.20e-07  9.86e-06 -1.30e-05  1.78e-05  2.43e-05  3.31e-05  1.77e-04
  -1.11e-04  6.04e-07  1.08e-04]
 [ 6.23e-07 -3.94e-06  5.69e-06  9.68e-05  3.14e-06  5.24e-05 -2.49e-05 -1.11e-04  9.86e-04 -3.05e-03  3.03e-05 -1.99e-04 -3.51e-03  2.55e-04
   5.93e-04  3.50e-03 -1.81e-03  4.16e-04 -7.24e-04 -1.09e-03  9.14e-05 -1.84e-05 -3.54e-06 -1.91e-05  2.08e-05 -1.88e-05 -7.88e-05  6.66e-05
  -1.96e-04  4.42e-07  1.18e-05]
 [ 3.58e-04  9.48e-05  2.45e-04  1.69e-04  1.28e-04 -2.49e-05  1.05e-03  3.55e-04 -5.55e-03 -1.08e-02  1.18e-03 -1.06e-04 -4.17e-03 -2.15e-02
  -4.11e-03 -2.66e-03  7.66e-04 -2.12e-03 -5.22e-04 -2.70e-03 -5.02e-03 -4.66e-06  3.26e-05 -2.82e-05  1.44e-04  1.67e-04  3.18e-04  1.07e-03
   4.66e-05  4.25e-06  7.44e-04]
 [ 1.22e-03  9.53e-07  7.12e-06 -3.11e-04  2.30e-04 -1.11e-04  3.55e-04  1.50e-02  1.49e-02  5.60e-02 -1.84e-03  8.19e-04  5.21e-02  3.02e-02
  -7.57e-02 -1.18e-01  1.38e-02 -8.75e-03  1.76e-02  3.18e-02  7.47e-03  9.25e-05  1.66e-04 -6.47e-05 -1.87e-04 -4.72e-05  1.08e-03  6.52e-03
   6.68e-04 -2.88e-05  3.44e-05]
 [ 4.64e-03 -5.64e-04 -1.06e-03 -1.43e-04  7.94e-04  9.86e-04 -5.55e-03  1.49e-02  3.85e+00 -5.17e-02  3.07e-02 -4.21e-01  2.98e+00 -4.66e-01
  -1.21e+00 -1.30e+00  2.23e-01 -3.06e-03 -3.77e-01 -7.05e-01 -1.04e+00 -8.55e-04  2.74e-03 -2.05e-02 -3.73e-03 -6.94e-03 -1.67e-02  1.10e-01
   6.01e-03 -4.68e-04 -3.48e-03]
 [-9.92e-04 -1.20e-03 -3.10e-03 -1.02e-02 -3.94e-03 -3.05e-03 -1.08e-02  5.60e-02 -5.17e-02  4.50e+01 -4.40e-01 -9.35e-01  3.59e+01  1.17e+00
  -1.59e+01 -5.70e+01 -1.73e-01 -5.18e-01  8.07e-01 -4.99e+00 -3.29e+01 -1.37e-02  8.40e-03  2.28e-02  1.30e-02  5.34e-03  3.73e-02 -3.15e-01
   6.60e-01 -1.12e-05 -7.92e-03]
 [ 4.15e-04  8.54e-05  3.77e-04  3.24e-04  2.65e-04  3.03e-05  1.18e-03 -1.84e-03  3.07e-02 -4.40e-01  7.60e-02 -7.11e-02 -2.83e-01  8.80e-01
   1.56e+00  6.36e-01  5.34e-02 -1.08e-03 -3.82e-03  8.55e-02  1.82e-01  5.61e-05 -2.84e-04 -1.61e-03 -2.51e-04  1.39e-03  2.66e-03  1.10e-02
   6.41e-03  2.06e-05  1.13e-03]
 [-1.92e-03  1.37e-04 -6.58e-04 -7.08e-04 -5.86e-05 -1.99e-04 -1.06e-04  8.19e-04 -4.21e-01 -9.35e-01 -7.11e-02  3.50e+00 -2.59e+01 -3.07e+00
   6.11e+00  4.62e+00 -2.16e+00 -1.12e-01  1.84e-01  2.64e+00  3.49e+00  2.95e-03 -2.04e-03  4.61e-03 -1.45e-03 -2.53e-04 -8.57e-03  8.58e-02
  -1.25e-02 -2.11e-04 -1.59e-03]
 [-1.50e-03 -1.11e-03  1.54e-04 -2.00e-03 -1.43e-02 -3.51e-03 -4.17e-03  5.21e-02  2.98e+00  3.59e+01 -2.83e-01 -2.59e+01  7.29e+02  6.66e+01
  -3.85e+01 -4.90e+01  7.37e+00 -7.07e+00  7.29e+00 -8.70e+00 -2.33e+01 -6.85e-03  2.53e-02  3.81e-02  4.21e-03 -8.87e-02  1.81e-01  3.22e+00
   3.36e-01  5.23e-03  2.21e-03]
 [-2.40e-02 -2.10e-03 -6.41e-03 -4.32e-03 -5.90e-03  2.55e-04 -2.15e-02  3.02e-02 -4.66e-01  1.17e+00  8.80e-01 -3.07e+00  6.66e+01  5.92e+01
   3.81e+01  1.44e+01 -4.21e+00  2.13e-01 -8.85e-01  4.52e+00  5.74e+00  2.52e-03 -5.40e-03 -3.18e-03 -1.43e-02  2.33e-02  1.57e-01  2.53e-01
   1.43e-01  5.37e-04 -1.67e-02]
 [-2.27e-02 -2.93e-04 -1.32e-03  3.51e-03  4.40e-04  5.93e-04 -4.11e-03 -7.57e-02 -1.21e+00 -1.59e+01  1.56e+00  6.11e+00 -3.85e+01  3.81e+01
   7.73e+01  5.19e+01 -9.17e+00 -6.03e-01 -6.64e-01  4.97e+00  1.11e+01  9.59e-03 -1.36e-02 -1.20e-02 -1.74e-02  3.96e-02  1.08e-01  5.06e-01
  -2.64e-01  1.43e-03 -1.89e-03]
 [-2.33e-02  3.99e-04 -1.33e-03  1.62e-02  1.47e-03  3.50e-03 -2.66e-03 -1.18e-01 -1.30e+00 -5.70e+01  6.36e-01  4.62e+00 -4.90e+01  1.44e+01
   5.19e+01  1.05e+02 -7.33e+00  9.45e-02 -1.47e+00  4.66e+00  3.46e+01  1.95e-02 -1.32e-02  2.04e-03 -2.37e-02  2.14e-02  3.56e-02  6.27e-01
  -1.37e+00  3.14e-03 -3.54e-03]
 [ 1.80e-03 -2.80e-06  3.55e-05 -4.66e-03 -9.77e-04 -1.81e-03  7.66e-04  1.38e-02  2.23e-01 -1.73e-01  5.34e-02 -2.16e+00  7.37e+00 -4.21e+00
  -9.17e+00 -7.33e+00  4.66e+00  1.36e-01 -1.26e-01 -1.74e+00 -1.96e+00 -3.37e-03  2.58e-04 -7.31e-03  3.25e-03 -1.33e-04 -4.21e-03 -6.39e-02
   4.48e-02 -2.96e-04 -4.26e-04]
 [-2.14e-03 -1.08e-04 -8.52e-04 -1.66e-04 -3.47e-04  4.16e-04 -2.12e-03 -8.75e-03 -3.06e-03 -5.18e-01 -1.08e-03 -1.12e-01 -7.07e+00  2.13e-01
  -6.03e-01  9.45e-02  1.36e-01  3.40e+00  5.84e-01  7.34e-01  1.31e+00 -1.11e-03 -7.82e-04 -1.30e-03  4.59e-04  2.05e-03 -1.53e-03  2.02e-01
   9.47e-04 -1.48e-04 -2.57e-03]
 [-1.56e-03  2.88e-05 -9.81e-04 -2.49e-03 -7.09e-04 -7.24e-04 -5.22e-04  1.76e-02 -3.77e-01  8.07e-01 -3.82e-03  1.84e-01  7.29e+00 -8.85e-01
  -6.64e-01 -1.47e+00 -1.26e-01  5.84e-01  3.16e+00  2.82e+00  2.81e+00  4.96e-04 -7.29e-04 -4.12e-04  5.90e-04  1.34e-03  1.70e-02 -1.87e-01
  -4.90e-02 -2.13e-04 -2.50e-03]
 [-5.82e-03 -2.51e-05 -2.71e-03 -4.30e-03 -1.78e-03 -1.09e-03 -2.70e-03  3.18e-02 -7.05e-01 -4.99e+00  8.55e-02  2.64e+00 -8.70e+00  4.52e+00
   4.97e+00  4.66e+00 -1.74e+00  7.34e-01  2.82e+00  1.11e+01  1.93e+01  5.62e-03 -4.57e-03 -1.58e-03 -6.53e-03 -6.47e-03  1.26e-02  1.41e-02
   4.71e-01 -5.92e-04 -7.39e-03]
 [-1.03e-02  8.33e-05 -4.01e-03  4.03e-04 -2.07e-03  9.14e-05 -5.02e-03  7.47e-03 -1.04e+00 -3.29e+01  1.82e-01  3.49e+00 -2.33e+01  5.74e+00
   1.11e+01  3.46e+01 -1.96e+00  1.31e+00  2.81e+00  1.93e+01  5.31e+01  1.20e-02 -1.13e-02 -1.01e-02 -1.48e-02 -2.96e-02 -3.39e-02  1.39e-01
   9.62e-01  2.59e-04 -1.25e-02]
 [ 5.49e-06 -6.47e-07 -2.46e-06 -4.96e-05  7.20e-07 -1.84e-05 -4.66e-06  9.25e-05 -8.55e-04 -1.37e-02  5.61e-05  2.95e-03 -6.85e-03  2.52e-03
   9.59e-03  1.95e-02 -3.37e-03 -1.11e-03  4.96e-04  5.62e-03  1.20e-02  1.47e-03  2.80e-04  1.81e-04 -3.73e-04 -6.97e-05  3.20e-04  4.95e-04
  -1.41e-03 -5.78e-06 -5.01e-06]
 [ 1.68e-05  1.89e-06  1.34e-05 -6.71e-06  9.86e-06 -3.54e-06  3.26e-05  1.66e-04  2.74e-03  8.40e-03 -2.84e-04 -2.04e-03  2.53e-02 -5.40e-03
  -1.36e-02 -1.32e-02  2.58e-04 -7.82e-04 -7.29e-04 -4.57e-03 -1.13e-02  2.80e-04  8.28e-04  5.26e-05  6.68e-04 -4.95e-05 -6.27e-04 -2.46e-05
  -7.13e-04 -9.73e-07  3.85e-05]
 [-8.36e-05 -3.43e-06 -8.77e-06 -4.34e-05 -1.30e-05 -1.91e-05 -2.82e-05 -6.47e-05 -2.05e-02  2.28e-02 -1.61e-03  4.61e-03  3.81e-02 -3.18e-03
  -1.20e-02  2.04e-03 -7.31e-03 -1.30e-03 -4.12e-04 -1.58e-03 -1.01e-02  1.81e-04  5.26e-05  7.34e-03 -3.46e-04  1.04e-03  4.55e-03  9.94e-04
   2.13e-03  3.45e-06 -4.51e-05]
 [ 3.41e-05  1.05e-05  5.09e-05  7.13e-05  1.78e-05  2.08e-05  1.44e-04 -1.87e-04 -3.73e-03  1.30e-02 -2.51e-04 -1.45e-03  4.21e-03 -1.43e-02
  -1.74e-02 -2.37e-02  3.25e-03  4.59e-04  5.90e-04 -6.53e-03 -1.48e-02 -3.73e-04  6.68e-04 -3.46e-04  2.89e-03  4.80e-04 -1.61e-04 -3.10e-04
  -7.26e-04  4.22e-06  1.51e-04]
 [ 2.07e-05  1.16e-05  4.73e-05 -9.46e-06  2.43e-05 -1.88e-05  1.67e-04 -4.72e-05 -6.94e-03  5.34e-03  1.39e-03 -2.53e-04 -8.87e-02  2.33e-02
   3.96e-02  2.14e-02 -1.33e-04  2.05e-03  1.34e-03 -6.47e-03 -2.96e-02 -6.97e-05 -4.95e-05  1.04e-03  4.80e-04  6.54e-03  8.26e-03 -2.86e-03
  -2.64e-03  4.20e-06  1.26e-04]
 [ 2.22e-04  9.44e-06  1.16e-04 -1.26e-04  3.31e-05 -7.88e-05  3.18e-04  1.08e-03 -1.67e-02  3.73e-02  2.66e-03 -8.57e-03  1.81e-01  1.57e-01
   1.08e-01  3.56e-02 -4.21e-03 -1.53e-03  1.70e-02  1.26e-02 -3.39e-02  3.20e-04 -6.27e-04  4.55e-03 -1.61e-04  8.26e-03  6.94e-02 -1.16e-04
  -1.55e-03  4.35e-06  2.77e-04]
 [ 1.15e-03  8.60e-05  2.19e-04  3.96e-04  1.77e-04  6.66e-05  1.07e-03  6.52e-03  1.10e-01 -3.15e-01  1.10e-02  8.58e-02  3.22e+00  2.53e-01
   5.06e-01  6.27e-01 -6.39e-02  2.02e-01 -1.87e-01  1.41e-02  1.39e-01  4.95e-04 -2.46e-05  9.94e-04 -3.10e-04 -2.86e-03 -1.16e-04  3.57e-01
   3.51e-03  3.88e-06  8.35e-04]
 [ 4.03e-04  2.45e-05 -6.06e-05 -5.10e-04 -1.11e-04 -1.96e-04  4.66e-05  6.68e-04  6.01e-03  6.60e-01  6.41e-03 -1.25e-02  3.36e-01  1.43e-01
  -2.64e-01 -1.37e+00  4.48e-02  9.47e-04 -4.90e-02  4.71e-01  9.62e-01 -1.41e-03 -7.13e-04  2.13e-03 -7.26e-04 -2.64e-03 -1.55e-03  3.51e-03
   3.84e-01 -9.29e-05 -1.92e-04]
 [-1.85e-06  3.52e-07  1.92e-06  1.60e-05  6.04e-07  4.42e-07  4.25e-06 -2.88e-05 -4.68e-04 -1.12e-05  2.06e-05 -2.11e-04  5.23e-03  5.37e-04
   1.43e-03  3.14e-03 -2.96e-04 -1.48e-04 -2.13e-04 -5.92e-04  2.59e-04 -5.78e-06 -9.73e-07  3.45e-06  4.22e-06  4.20e-06  4.35e-06  3.88e-06
  -9.29e-05  7.02e-06  5.78e-06]
 [ 3.35e-04  5.92e-05  2.17e-04  1.69e-04  1.08e-04  1.18e-05  7.44e-04  3.44e-05 -3.48e-03 -7.92e-03  1.13e-03 -1.59e-03  2.21e-03 -1.67e-02
  -1.89e-03 -3.54e-03 -4.26e-04 -2.57e-03 -2.50e-03 -7.39e-03 -1.25e-02 -5.01e-06  3.85e-05 -4.51e-05  1.51e-04  1.26e-04  2.77e-04  8.35e-04
  -1.92e-04  5.78e-06  6.56e-04]]
Update routine is enabled with value 50 (recommended: 50)
This number is rescaled by cycle length 116 (N_slow + f_fast * N_fast) to 5800

Starting point for rescaled parameters:
from best-fit file : omega_b = 2.279873
from best-fit file : omega_cdm = 0.1267238
from best-fit file : h = 0.7031306
from best-fit file : ln10^{10}A_s = 3.063897
from best-fit file : n_s = 0.9770632
from best-fit file : tau_reio = 0.05592004
from best-fit file : f_CNEDE = 0.09919958
from best-fit file : log10mass = 2.061378
from best-fit file : log10(1-alpha) = -4.909414
from best-fit file : A_cib_217 = 45.4193
from best-fit file : xi_sz_cib = 0.9034605
from best-fit file : A_sz = 4.743496
from best-fit file : ps_A_100_100 = 273.8273
from best-fit file : ps_A_143_143 = 51.84236
from best-fit file : ps_A_143_217 = 51.2711
from best-fit file : ps_A_217_217 = 120.0453
from best-fit file : ksz_norm = 1.600279
from best-fit file : gal545_A_100 = 9.600105
from best-fit file : gal545_A_143 = 10.73071
from best-fit file : gal545_A_143_217 = 17.07845
from best-fit file : gal545_A_217 = 91.01148
from best-fit file : galf_TE_A_100 = 0.1096394
from best-fit file : galf_TE_A_100_143 = 0.1325311
from best-fit file : galf_TE_A_100_217 = 0.5057643
from best-fit file : galf_TE_A_143 = 0.247967
from best-fit file : galf_TE_A_143_217 = 0.6446531
from best-fit file : galf_TE_A_217 = 2.099869
from best-fit file : calib_100T = 999.6718999999999
from best-fit file : calib_217T = 997.6121999999999
from best-fit file : A_planck = 1.000618
from best-fit file : M = -19.33462
trigger mass: 118.030483, Omega_EDE: 1.043809e+09, EOS: 0.333333 
First run to estimate Omega0_NEDE and z_decay. Initial estimate is z_decay = 3.002308e+03 and Omega0_NEDE = 5.060359e-10 
Second run to estimate Omega0_NEDE and z_decay. Second estimate is z_decay = 2.632420e+03 and Omega0_NEDE = 2.049006e-05 
Final  estimate is z_decay = 2.590729e+03 and Omega0_NEDE = 2.180313e-05 
Running CLASS version v2.9.4
Computing background
 -> ncdm species i=1 sampled with 11 (resp. 5) points for purpose of background (resp. perturbation) integration. In the relativistic limit it gives Delta N_eff = 1.0132
 -> total N_eff = 3.046 (sumed over ultra-relativistic species, ncdm and dark radiation)
 -> non-cold dark matter species with i=1 has m_i = 6.000000e-02 eV (so m_i / omega_i =9.313858e+01 eV)
Cold NEDE decayed at redshift: 2589.496353 ; fraction NEDE: 0.103496; fraction trigger field: 5.284614e-09 
 -> age = 13.332893 Gyr
 -> conformal age = 13744.012095 Mpc
 -> pba->Neff = 3.045998
 -> Cold NEDE details:
     -> Percolation trigger (H/m): 0.200000 
     -> H/H0-1: 2.019881e-08 
     -> Two-component fluid with mixture parameter: 9.999607e-01 
     -> resolution_enhancement: 1.000000e+02 
     -> Omega_trigger = 0, Trigger_ini = 0.0001 
 -> radiation/matter equality at z = 3583.744441
    corresponding to conformal time = 106.725395 Mpc
 ---------------------------- Budget equation ----------------------- 
 ---> Nonrelativistic Species 
-> Bayrons                        Omega = 0.0460999       , omega = 0.0228893      
-> Cold Dark Matter               Omega = 0.255868        , omega = 0.127042       
 ---> Relativistic Species 
-> Photons                        Omega = 4.98067e-05     , omega = 2.47298e-05    
-> Ultra-relativistic relics      Omega = 2.2994e-05      , omega = 1.14168e-05    
 ---> Massive Neutrino Species 
-> Neutrino Species Nr.      1    Omega = 0.00129745      , omega = 0.000644201    
 ---> Other Content 
-> Cosmological Constant          Omega = 0.69664         , omega = 0.345892       
-> New EDE                        Omega = 2.18435e-05     , omega = 1.08456e-05    
 ---> Total budgets 
 Radiation                        Omega = 7.28007e-05     , omega = 3.61466e-05     
 Non-relativistic                 Omega = 0.301968        , omega = 0.149932        
 Neutrinos                        Omega = 0.00129745      , omega = 0.000644201     
 Other Content                    Omega = 0.696662        , omega = 0.345903        
 TOTAL                            Omega = 1               , omega = 0.496515        
 -------------------------------------------------------------------- 
Computing sources
  -> NEDE perturbation details:
     -> ceff2 = ca2, 3*cvis2: 0.000000 
     -> Junction_tag: 1 
     -> EDE sub dom condition: 0.000000 
Evolving mode 1/1
Evolving ic 1/1
evolving 603 wavenumbers

#  -LogLkl	1e+02omega_b    omega_cdm       h               ln10^{10}A_s    n_s             tau_reio        f_CNEDE         log10mass       log10(1-alpha)  A_cib_217       xi_sz_cib       A_sz            ps_A_100_100    ps_A_143_143    ps_A_143_217    ps_A_217_217    ksz_norm        gal545_A_100    gal545_A_143    gal545_A_143_217gal545_A_217    galf_TE_A_100   galf_TE_A_100_143galf_TE_A_100_217galf_TE_A_143   galf_TE_A_143_217galf_TE_A_217   1e+03calib_100T 1e+03calib_217T A_planck        M               YHe             sigma8          rs_d            z_decay         
trigger mass: 95.831083, Omega_EDE: 6.869367e+08, EOS: 0.333333 
First run to estimate Omega0_NEDE and z_decay. Initial estimate is z_decay = 2.704310e+03 and Omega0_NEDE = 5.721833e-10 
Second run to estimate Omega0_NEDE and z_decay. Second estimate is z_decay = 2.330965e+03 and Omega0_NEDE = 2.179158e-05 
Final  estimate is z_decay = 2.293044e+03 and Omega0_NEDE = 2.322303e-05 
Running CLASS version v2.9.4
Computing background
 -> ncdm species i=1 sampled with 11 (resp. 5) points for purpose of background (resp. perturbation) integration. In the relativistic limit it gives Delta N_eff = 1.0132
 -> total N_eff = 3.046 (sumed over ultra-relativistic species, ncdm and dark radiation)
 -> non-cold dark matter species with i=1 has m_i = 6.000000e-02 eV (so m_i / omega_i =9.313858e+01 eV)
Cold NEDE decayed at redshift: 2291.784840 ; fraction NEDE: 0.104768; fraction trigger field: 5.122496e-09 
 -> age = 13.306413 Gyr
 -> conformal age = 13746.332446 Mpc
 -> pba->Neff = 3.045998
 -> Cold NEDE details:
     -> Percolation trigger (H/m): 0.200000 
     -> H/H0-1: 2.476274e-08 
     -> Two-component fluid with mixture parameter: 9.999555e-01 
     -> resolution_enhancement: 1.000000e+02 
     -> Omega_trigger = 0, Trigger_ini = 0.0001 
 -> radiation/matter equality at z = 3569.794152
    corresponding to conformal time = 107.267116 Mpc
 ---------------------------- Budget equation ----------------------- 
 ---> Nonrelativistic Species 
-> Bayrons                        Omega = 0.0454918       , omega = 0.0229045      
-> Cold Dark Matter               Omega = 0.251136        , omega = 0.126443       
 ---> Relativistic Species 
-> Photons                        Omega = 4.9117e-05      , omega = 2.47298e-05    
-> Ultra-relativistic relics      Omega = 2.26756e-05     , omega = 1.14168e-05    
 ---> Massive Neutrino Species 
-> Neutrino Species Nr.      1    Omega = 0.00127948      , omega = 0.000644201    
 ---> Other Content 
-> Cosmological Constant          Omega = 0.701998        , omega = 0.353447       
-> New EDE                        Omega = 2.32726e-05     , omega = 1.17174e-05    
 ---> Total budgets 
 Radiation                        Omega = 7.17926e-05     , omega = 3.61466e-05     
 Non-relativistic                 Omega = 0.296627        , omega = 0.149348        
 Neutrinos                        Omega = 0.00127948      , omega = 0.000644201     
 Other Content                    Omega = 0.702021        , omega = 0.353459        
 TOTAL                            Omega = 1               , omega = 0.503487        
 -------------------------------------------------------------------- 
Computing sources
  -> NEDE perturbation details:
     -> ceff2 = ca2, 3*cvis2: 0.000000 
     -> Junction_tag: 1 
     -> EDE sub dom condition: 0.000000 
Evolving mode 1/1
Evolving ic 1/1
evolving 604 wavenumbers
trigger mass: 115.367998, Omega_EDE: 9.954734e+08, EOS: 0.333333 
First run to estimate Omega0_NEDE and z_decay. Initial estimate is z_decay = 2.967046e+03 and Omega0_NEDE = 1.692668e-10 
Second run to estimate Omega0_NEDE and z_decay. Second estimate is z_decay = 2.590237e+03 and Omega0_NEDE = 1.849894e-05 
Final  estimate is z_decay = 2.561104e+03 and Omega0_NEDE = 1.928287e-05 
Running CLASS version v2.9.4
Computing background
 -> ncdm species i=1 sampled with 11 (resp. 5) points for purpose of background (resp. perturbation) integration. In the relativistic limit it gives Delta N_eff = 1.0132
 -> total N_eff = 3.046 (sumed over ultra-relativistic species, ncdm and dark radiation)
 -> non-cold dark matter species with i=1 has m_i = 6.000000e-02 eV (so m_i / omega_i =9.313858e+01 eV)
Cold NEDE decayed at redshift: 2556.611290 ; fraction NEDE: 0.104984; fraction trigger field: 5.269789e-09 
 -> age = 13.306082 Gyr
 -> conformal age = 13751.504214 Mpc
 -> pba->Neff = 3.045998
 -> Cold NEDE details:
     -> Percolation trigger (H/m): 0.200000 
     -> H/H0-1: 6.223408e-08 
     -> Two-component fluid with mixture parameter: 9.999869e-01 
     -> resolution_enhancement: 1.000000e+02 
     -> Omega_trigger = 0, Trigger_ini = 0.0001 
 -> radiation/matter equality at z = 3565.199150
    corresponding to conformal time = 107.284621 Mpc
 ---------------------------- Budget equation ----------------------- 
 ---> Nonrelativistic Species 
-> Bayrons                        Omega = 0.0454004       , omega = 0.0229         
-> Cold Dark Matter               Omega = 0.250308        , omega = 0.126256       
 ---> Relativistic Species 
-> Photons                        Omega = 4.9028e-05      , omega = 2.47298e-05    
-> Ultra-relativistic relics      Omega = 2.26345e-05     , omega = 1.14168e-05    
 ---> Massive Neutrino Species 
-> Neutrino Species Nr.      1    Omega = 0.00127716      , omega = 0.000644201    
 ---> Other Content 
-> Cosmological Constant          Omega = 0.702924        , omega = 0.354556       
-> New EDE                        Omega = 1.94073e-05     , omega = 9.78909e-06    
 ---> Total budgets 
 Radiation                        Omega = 7.16625e-05     , omega = 3.61466e-05     
 Non-relativistic                 Omega = 0.295708        , omega = 0.149156        
 Neutrinos                        Omega = 0.00127716      , omega = 0.000644201     
 Other Content                    Omega = 0.702943        , omega = 0.354565        
 TOTAL                            Omega = 1               , omega = 0.504401        
 -------------------------------------------------------------------- 
Computing sources
  -> NEDE perturbation details:
     -> ceff2 = ca2, 3*cvis2: 0.000000 
     -> Junction_tag: 1 
     -> EDE sub dom condition: 0.000000 
Evolving mode 1/1
Evolving ic 1/1
evolving 604 wavenumbers
trigger mass: 109.027776, Omega_EDE: 1.004040e+09, EOS: 0.333333 
First run to estimate Omega0_NEDE and z_decay. Initial estimate is z_decay = 2.875393e+03 and Omega0_NEDE = 1.086390e-07 
Second run to estimate Omega0_NEDE and z_decay. Second estimate is z_decay = 2.496229e+03 and Omega0_NEDE = 2.580838e-05 
Final  estimate is z_decay = 2.458632e+03 and Omega0_NEDE = 2.742331e-05 
Running CLASS version v2.9.4
Computing background
 -> ncdm species i=1 sampled with 11 (resp. 5) points for purpose of background (resp. perturbation) integration. In the relativistic limit it gives Delta N_eff = 1.0132
 -> total N_eff = 3.046 (sumed over ultra-relativistic species, ncdm and dark radiation)
 -> non-cold dark matter species with i=1 has m_i = 6.000000e-02 eV (so m_i / omega_i =9.313858e+01 eV)
Cold NEDE decayed at redshift: 2454.205474 ; fraction NEDE: 0.116068; fraction trigger field: 5.100871e-09 
 -> age = 13.278693 Gyr
 -> conformal age = 13644.982084 Mpc
 -> pba->Neff = 3.045998
 -> Cold NEDE details:
     -> Percolation trigger (H/m): 0.200000 
     -> H/H0-1: 9.914911e-08 
     -> Two-component fluid with mixture parameter: 9.925934e-01 
     -> resolution_enhancement: 1.000000e+02 
     -> Omega_trigger = 0, Trigger_ini = 0.0001 
 -> radiation/matter equality at z = 3651.088118
    corresponding to conformal time = 104.799526 Mpc
 ---------------------------- Budget equation ----------------------- 
 ---> Nonrelativistic Species 
-> Bayrons                        Omega = 0.0463472       , omega = 0.0228872      
-> Cold Dark Matter               Omega = 0.262976        , omega = 0.129863       
 ---> Relativistic Species 
-> Photons                        Omega = 5.00786e-05     , omega = 2.47298e-05    
-> Ultra-relativistic relics      Omega = 2.31195e-05     , omega = 1.14168e-05    
 ---> Massive Neutrino Species 
-> Neutrino Species Nr.      1    Omega = 0.00130453      , omega = 0.000644201    
 ---> Other Content 
-> Cosmological Constant          Omega = 0.689271        , omega = 0.340376       
-> New EDE                        Omega = 2.76216e-05     , omega = 1.36401e-05    
 ---> Total budgets 
 Radiation                        Omega = 7.3198e-05      , omega = 3.61466e-05     
 Non-relativistic                 Omega = 0.309323        , omega = 0.15275         
 Neutrinos                        Omega = 0.00130453      , omega = 0.000644201     
 Other Content                    Omega = 0.689299        , omega = 0.34039         
 TOTAL                            Omega = 1               , omega = 0.49382         
 -------------------------------------------------------------------- 
Computing sources
  -> NEDE perturbation details:
     -> ceff2 = ca2, 3*cvis2: 0.000000 
     -> Junction_tag: 1 
     -> EDE sub dom condition: 0.000000 
Evolving mode 1/1
Evolving ic 1/1
evolving 603 wavenumbers
trigger mass: 107.728142, Omega_EDE: 7.147162e+08, EOS: 0.333333 
First run to estimate Omega0_NEDE and z_decay. Initial estimate is z_decay = 2.884910e+03 and Omega0_NEDE = 2.773057e-09 
Second run to estimate Omega0_NEDE and z_decay. Second estimate is z_decay = 2.504673e+03 and Omega0_NEDE = 1.796417e-05 
Final  estimate is z_decay = 2.471007e+03 and Omega0_NEDE = 1.895877e-05 
Running CLASS version v2.9.4
Computing background
 -> ncdm species i=1 sampled with 11 (resp. 5) points for purpose of background (resp. perturbation) integration. In the relativistic limit it gives Delta N_eff = 1.0132
 -> total N_eff = 3.046 (sumed over ultra-relativistic species, ncdm and dark radiation)
 -> non-cold dark matter species with i=1 has m_i = 6.000000e-02 eV (so m_i / omega_i =9.313858e+01 eV)
Cold NEDE decayed at redshift: 2472.194602 ; fraction NEDE: 0.082523; fraction trigger field: 5.390734e-09 
 -> age = 13.431723 Gyr
 -> conformal age = 13798.819390 Mpc
 -> pba->Neff = 3.045998
 -> Cold NEDE details:
     -> Percolation trigger (H/m): 0.200000 
     -> H/H0-1: -1.811153e-08 
     -> Two-component fluid with mixture parameter: 9.997310e-01 
     -> resolution_enhancement: 1.000000e+02 
     -> Omega_trigger = 0, Trigger_ini = 0.0001 
 -> radiation/matter equality at z = 3574.058964
    corresponding to conformal time = 107.141602 Mpc
 ---------------------------- Budget equation ----------------------- 
 ---> Nonrelativistic Species 
-> Bayrons                        Omega = 0.0471387       , omega = 0.0227066      
-> Cold Dark Matter               Omega = 0.263276        , omega = 0.12682        
 ---> Relativistic Species 
-> Photons                        Omega = 5.13387e-05     , omega = 2.47298e-05    
-> Ultra-relativistic relics      Omega = 2.37012e-05     , omega = 1.14168e-05    
 ---> Massive Neutrino Species 
-> Neutrino Species Nr.      1    Omega = 0.00133735      , omega = 0.000644201    
 ---> Other Content 
-> Cosmological Constant          Omega = 0.688154        , omega = 0.331482       
-> New EDE                        Omega = 1.89225e-05     , omega = 9.11496e-06    
 ---> Total budgets 
 Radiation                        Omega = 7.504e-05       , omega = 3.61466e-05     
 Non-relativistic                 Omega = 0.310415        , omega = 0.149526        
 Neutrinos                        Omega = 0.00133735      , omega = 0.000644201     
 Other Content                    Omega = 0.688172        , omega = 0.331492        
 TOTAL                            Omega = 1               , omega = 0.481698        
 -------------------------------------------------------------------- 
Computing sources
  -> NEDE perturbation details:
     -> ceff2 = ca2, 3*cvis2: 0.000000 
     -> Junction_tag: 1 
     -> EDE sub dom condition: 0.000000 
Evolving mode 1/1
Evolving ic 1/1
evolving 603 wavenumbers
trigger mass: 124.846887, Omega_EDE: 1.026849e+09, EOS: 0.333333 
First run to estimate Omega0_NEDE and z_decay. Initial estimate is z_decay = 3.097968e+03 and Omega0_NEDE = 1.845620e-08 
Second run to estimate Omega0_NEDE and z_decay. Second estimate is z_decay = 2.719775e+03 and Omega0_NEDE = 1.871412e-05 
Final  estimate is z_decay = 2.693220e+03 and Omega0_NEDE = 1.946277e-05 
Running CLASS version v2.9.4
Computing background
 -> ncdm species i=1 sampled with 11 (resp. 5) points for purpose of background (resp. perturbation) integration. In the relativistic limit it gives Delta N_eff = 1.0132
 -> total N_eff = 3.046 (sumed over ultra-relativistic species, ncdm and dark radiation)
 -> non-cold dark matter species with i=1 has m_i = 6.000000e-02 eV (so m_i / omega_i =9.313858e+01 eV)
Cold NEDE decayed at redshift: 2692.518792 ; fraction NEDE: 0.091597; fraction trigger field: 5.448342e-09 
 -> age = 13.365672 Gyr
 -> conformal age = 13811.220923 Mpc
 -> pba->Neff = 3.045998
 -> Cold NEDE details:
     -> Percolation trigger (H/m): 0.200000 
     -> H/H0-1: 1.014501e-08 
     -> Two-component fluid with mixture parameter: 9.983424e-01 
     -> resolution_enhancement: 1.000000e+02 
     -> Omega_trigger = 0, Trigger_ini = 0.0001 
 -> radiation/matter equality at z = 3533.074570
    corresponding to conformal time = 108.236859 Mpc
 ---------------------------- Budget equation ----------------------- 
 ---> Nonrelativistic Species 
-> Bayrons                        Omega = 0.0457645       , omega = 0.0228749      
-> Cold Dark Matter               Omega = 0.249953        , omega = 0.124936       
 ---> Relativistic Species 
-> Photons                        Omega = 4.94755e-05     , omega = 2.47298e-05    
-> Ultra-relativistic relics      Omega = 2.2841e-05      , omega = 1.14168e-05    
 ---> Massive Neutrino Species 
-> Neutrino Species Nr.      1    Omega = 0.00128882      , omega = 0.000644201    
 ---> Other Content 
-> Cosmological Constant          Omega = 0.702902        , omega = 0.351338       
-> New EDE                        Omega = 1.94831e-05     , omega = 9.73839e-06    
 ---> Total budgets 
 Radiation                        Omega = 7.23166e-05     , omega = 3.61466e-05     
 Non-relativistic                 Omega = 0.295718        , omega = 0.147811        
 Neutrinos                        Omega = 0.00128882      , omega = 0.000644201     
 Other Content                    Omega = 0.702921        , omega = 0.351347        
 TOTAL                            Omega = 1               , omega = 0.499839        
 -------------------------------------------------------------------- 
Computing sources
  -> NEDE perturbation details:
     -> ceff2 = ca2, 3*cvis2: 0.000000 
     -> Junction_tag: 1 
     -> EDE sub dom condition: 0.000000 
Evolving mode 1/1
Evolving ic 1/1
evolving 604 wavenumbers
trigger mass: 99.007497, Omega_EDE: 5.249195e+08, EOS: 0.333333 
First run to estimate Omega0_NEDE and z_decay. Initial estimate is z_decay = 2.773191e+03 and Omega0_NEDE = 9.498918e-11 
Second run to estimate Omega0_NEDE and z_decay. Second estimate is z_decay = 2.391746e+03 and Omega0_NEDE = 1.244042e-05 
Final  estimate is z_decay = 2.369639e+03 and Omega0_NEDE = 1.285515e-05 
Running CLASS version v2.9.4
Computing background
 -> ncdm species i=1 sampled with 11 (resp. 5) points for purpose of background (resp. perturbation) integration. In the relativistic limit it gives Delta N_eff = 1.0132
 -> total N_eff = 3.046 (sumed over ultra-relativistic species, ncdm and dark radiation)
 -> non-cold dark matter species with i=1 has m_i = 6.000000e-02 eV (so m_i / omega_i =9.313858e+01 eV)
Cold NEDE decayed at redshift: 2367.514250 ; fraction NEDE: 0.072514; fraction trigger field: 5.439035e-09 
 -> age = 13.466147 Gyr
 -> conformal age = 13880.520704 Mpc
 -> pba->Neff = 3.045998
 -> Cold NEDE details:
     -> Percolation trigger (H/m): 0.200000 
     -> H/H0-1: 2.036786e-08 
     -> Two-component fluid with mixture parameter: 9.999894e-01 
     -> resolution_enhancement: 1.000000e+02 
     -> Omega_trigger = 0, Trigger_ini = 0.0001 
 -> radiation/matter equality at z = 3512.815718
    corresponding to conformal time = 109.063601 Mpc
 ---------------------------- Budget equation ----------------------- 
 ---> Nonrelativistic Species 
-> Bayrons                        Omega = 0.0469114       , omega = 0.022836       
-> Cold Dark Matter               Omega = 0.254992        , omega = 0.124127       
 ---> Relativistic Species 
-> Photons                        Omega = 5.08018e-05     , omega = 2.47298e-05    
-> Ultra-relativistic relics      Omega = 2.34533e-05     , omega = 1.14168e-05    
 ---> Massive Neutrino Species 
-> Neutrino Species Nr.      1    Omega = 0.00132337      , omega = 0.000644201    
 ---> Other Content 
-> Cosmological Constant          Omega = 0.696686        , omega = 0.33914        
-> New EDE                        Omega = 1.28959e-05     , omega = 6.27759e-06    
 ---> Total budgets 
 Radiation                        Omega = 7.42551e-05     , omega = 3.61466e-05     
 Non-relativistic                 Omega = 0.301903        , omega = 0.146963        
 Neutrinos                        Omega = 0.00132337      , omega = 0.000644201     
 Other Content                    Omega = 0.696699        , omega = 0.339146        
 TOTAL                            Omega = 1               , omega = 0.48679         
 -------------------------------------------------------------------- 
Computing sources
  -> NEDE perturbation details:
     -> ceff2 = ca2, 3*cvis2: 0.000000 
     -> Junction_tag: 1 
     -> EDE sub dom condition: 0.000000 
Evolving mode 1/1
Evolving ic 1/1
evolving 603 wavenumbers
trigger mass: 123.905325, Omega_EDE: 1.732530e+09, EOS: 0.333333 
First run to estimate Omega0_NEDE and z_decay. Initial estimate is z_decay = 3.023636e+03 and Omega0_NEDE = 7.533862e-11 
Second run to estimate Omega0_NEDE and z_decay. Second estimate is z_decay = 2.666863e+03 and Omega0_NEDE = 1.869534e-05 
Final  estimate is z_decay = 2.612287e+03 and Omega0_NEDE = 1.984875e-05 
Running CLASS version v2.9.4
Computing background
 -> ncdm species i=1 sampled with 11 (resp. 5) points for purpose of background (resp. perturbation) integration. In the relativistic limit it gives Delta N_eff = 1.0132
 -> total N_eff = 3.046 (sumed over ultra-relativistic species, ncdm and dark radiation)
 -> non-cold dark matter species with i=1 has m_i = 6.000000e-02 eV (so m_i / omega_i =9.313858e+01 eV)
Cold NEDE decayed at redshift: 2600.868040 ; fraction NEDE: 0.163146; fraction trigger field: 4.820105e-09 
 -> age = 13.087416 Gyr
 -> conformal age = 13516.405047 Mpc
 -> pba->Neff = 3.045998
 -> Cold NEDE details:
     -> Percolation trigger (H/m): 0.200000 
     -> H/H0-1: 1.256084e-07 
     -> Two-component fluid with mixture parameter: 9.999965e-01 
     -> resolution_enhancement: 1.000000e+02 
     -> Omega_trigger = 0, Trigger_ini = 0.0001 
 -> radiation/matter equality at z = 3696.018896
    corresponding to conformal time = 103.286351 Mpc
 ---------------------------- Budget equation ----------------------- 
 ---> Nonrelativistic Species 
-> Bayrons                        Omega = 0.0444622       , omega = 0.0231042      
-> Cold Dark Matter               Omega = 0.253112        , omega = 0.131526       
 ---> Relativistic Species 
-> Photons                        Omega = 4.75906e-05     , omega = 2.47298e-05    
-> Ultra-relativistic relics      Omega = 2.19708e-05     , omega = 1.14168e-05    
 ---> Massive Neutrino Species 
-> Neutrino Species Nr.      1    Omega = 0.00123972      , omega = 0.000644201    
 ---> Other Content 
-> Cosmological Constant          Omega = 0.701097        , omega = 0.364315       
-> New EDE                        Omega = 2.01e-05        , omega = 1.04447e-05    
 ---> Total budgets 
 Radiation                        Omega = 6.95614e-05     , omega = 3.61466e-05     
 Non-relativistic                 Omega = 0.297574        , omega = 0.15463         
 Neutrinos                        Omega = 0.00123972      , omega = 0.000644201     
 Other Content                    Omega = 0.701117        , omega = 0.364326        
 TOTAL                            Omega = 1               , omega = 0.519636        
 -------------------------------------------------------------------- 
Computing sources
  -> NEDE perturbation details:
     -> ceff2 = ca2, 3*cvis2: 0.000000 
     -> Junction_tag: 1 
     -> EDE sub dom condition: 0.000000 
Evolving mode 1/1
Evolving ic 1/1
evolving 603 wavenumbers
trigger mass: 129.331948, Omega_EDE: 9.351888e+08, EOS: 0.333333 
First run to estimate Omega0_NEDE and z_decay. Initial estimate is z_decay = 3.167509e+03 and Omega0_NEDE = 1.038509e-09 
Second run to estimate Omega0_NEDE and z_decay. Second estimate is z_decay = 2.786335e+03 and Omega0_NEDE = 1.521302e-05 
Final  estimate is z_decay = 2.760348e+03 and Omega0_NEDE = 1.578895e-05 
